x
13.549783549783548
12.38095238095238
11.428571428571429
12.034632034632034
13.073593073593072
13.16017316017316
12.077922077922079
14.632034632034632
19.350649350649352
12.943722943722944
11.125541125541124
15.974025974025974
10.735930735930735
15.021645021645021
10.735930735930735
10.865800865800866
13.506493506493507
11.038961038961038
10.735930735930735
11.558441558441558
12.38095238095238
12.900432900432902
12.900432900432902
10.779220779220779
12.943722943722944
13.93939393939394
14.155844155844155
12.857142857142858
14.372294372294371
10.735930735930735
11.255411255411255
11.601731601731602
14.112554112554111
15.541125541125542
15.800865800865799
11.558441558441558
13.809523809523808
10.735930735930735
11.082251082251082
14.978354978354979
14.155844155844155
10.909090909090908
10.735930735930735
10.735930735930735
14.761904761904763
11.904761904761905
19.350649350649352
10.779220779220779
11.86147186147186
13.463203463203463
12.813852813852813
10.735930735930735
14.545454545454543
17.575757575757574
11.385281385281385
13.766233766233766
13.030303030303031
11.385281385281385
15.10822510822511
10.822510822510823
10.822510822510823
15.974025974025974
10.735930735930735
15.064935064935066
14.502164502164502
13.376623376623376
10.779220779220779
12.683982683982684
13.116883116883116
16.32034632034632
11.558441558441558
11.082251082251082
15.584415584415586
14.112554112554111
10.735930735930735
10.822510822510823
14.242424242424242
10.735930735930735
10.822510822510823
16.147186147186147
10.779220779220779
10.735930735930735
19.523809523809522
10.735930735930735
10.779220779220779
13.246753246753245
10.735930735930735
12.467532467532466
13.030303030303031
11.255411255411255
10.735930735930735
10.735930735930735
10.735930735930735
15.021645021645021
14.155844155844155
10.735930735930735
10.735930735930735
10.995670995670997
11.298701298701298
12.554112554112553
10.909090909090908
18.26839826839827
10.735930735930735
10.735930735930735
13.852813852813851
15.887445887445885
15.714285714285714
11.125541125541124
13.29004329004329
10.952380952380953
13.809523809523808
10.822510822510823
16.70995670995671
10.865800865800866
12.77056277056277
13.67965367965368
13.419913419913419
17.35930735930736
11.731601731601732
10.735930735930735
10.735930735930735
10.909090909090908
10.735930735930735
12.597402597402596
10.735930735930735
12.77056277056277
11.601731601731602
14.1991341991342
10.735930735930735
10.735930735930735
13.982683982683984
11.385281385281385
14.458874458874458
12.987012987012987
10.952380952380953
10.735930735930735
10.735930735930735
10.735930735930735
13.982683982683984
15.41125541125541
10.995670995670997
10.735930735930735
15.367965367965366
11.168831168831167
13.593073593073592
12.857142857142858
11.168831168831167
13.073593073593072
15.064935064935066
14.415584415584416
15.887445887445885
13.419913419913419
13.463203463203463
10.735930735930735
17.532467532467532
11.515151515151514
13.073593073593072
15.454545454545453
11.255411255411255
15.324675324675322
10.735930735930735
15.93073593073593
19.740259740259738
13.93939393939394
11.34199134199134
14.58874458874459
15.367965367965366
13.809523809523808
14.805194805194803
13.333333333333334
14.89177489177489
10.735930735930735
20.0
14.285714285714286
15.15151515151515
18.26839826839827
12.943722943722944
18.744588744588743
10.909090909090908
15.281385281385278
10.735930735930735
10.735930735930735
14.415584415584416
13.896103896103895
13.376623376623376
10.735930735930735
14.502164502164502
13.376623376623376
18.181818181818183
13.376623376623376
14.848484848484848
10.735930735930735
10.735930735930735
15.584415584415586
13.636363636363635
10.735930735930735
10.735930735930735
10.735930735930735
14.415584415584416
10.735930735930735
10.692640692640692
10.735930735930735
15.67099567099567
16.32034632034632
12.943722943722944
10.735930735930735
13.67965367965368
13.116883116883116
10.779220779220779
10.735930735930735
10.735930735930735
10.692640692640692
13.333333333333334
15.324675324675322
10.995670995670997
11.168831168831167
10.735930735930735
10.735930735930735
11.298701298701298
13.419913419913419
10.865800865800866
10.735930735930735
10.865800865800866
10.735930735930735
10.735930735930735
10.735930735930735
12.554112554112553
10.952380952380953
1.0389610389610389
18.917748917748916
16.70995670995671
11.731601731601732
0.0
10.735930735930735
10.779220779220779
10.735930735930735
16.406926406926406
10.735930735930735
10.735930735930735
11.948051948051948
10.735930735930735
14.025974025974024
10.865800865800866
13.93939393939394
10.735930735930735
10.735930735930735
0.0
16.19047619047619
10.779220779220779
10.735930735930735
10.909090909090908
13.809523809523808
14.805194805194803
15.194805194805195
10.735930735930735
14.415584415584416
11.082251082251082
15.887445887445885
10.735930735930735
15.974025974025974
10.735930735930735
0.9523809523809523
0.0
3.9826839826839824
10.692640692640692
18.917748917748916
10.995670995670997
10.735930735930735
14.025974025974024
3.6796536796536796
10.909090909090908
11.125541125541124
0.0
10.735930735930735
11.125541125541124
1.9913419913419912
17.66233766233766
11.515151515151514
15.454545454545453
17.575757575757574
10.735930735930735
10.909090909090908
15.281385281385278
11.125541125541124
0.0
10.692640692640692
10.995670995670997
10.692640692640692
9.264069264069262
10.735930735930735
10.735930735930735
10.735930735930735
12.467532467532466
1.6883116883116884
2.510822510822511
10.735930735930735
11.125541125541124
19.264069264069263
10.735930735930735
10.735930735930735
10.735930735930735
10.779220779220779
15.238095238095237
13.896103896103895
13.333333333333334
13.722943722943722
15.021645021645021
15.064935064935066
12.164502164502164
15.194805194805195
11.948051948051948
10.735930735930735
12.164502164502164
13.376623376623376
15.67099567099567
10.735930735930735
16.45021645021645
10.735930735930735
12.121212121212121
15.238095238095237
10.735930735930735
16.666666666666664
11.038961038961038
10.822510822510823
10.865800865800866
10.735930735930735
10.735930735930735
10.735930735930735
15.800865800865799
13.766233766233766
14.155844155844155
13.116883116883116
10.735930735930735
14.242424242424242
15.757575757575758
13.809523809523808
12.424242424242424
10.822510822510823
10.735930735930735
10.735930735930735
17.056277056277054
15.497835497835498
16.536796536796537
10.735930735930735
13.246753246753245
11.168831168831167
10.692640692640692
13.809523809523808
13.766233766233766
10.735930735930735
10.822510822510823
10.735930735930735
10.692640692640692
10.779220779220779
13.722943722943722
13.67965367965368
10.735930735930735
13.463203463203463
14.329004329004327
17.186147186147185
10.735930735930735
1.5584415584415583
12.554112554112553
10.735930735930735
10.779220779220779
14.848484848484848
10.692640692640692
13.982683982683984
15.497835497835498
14.155844155844155
17.705627705627705
10.735930735930735
10.735930735930735
10.735930735930735
10.822510822510823
12.77056277056277
10.735930735930735
11.731601731601732
10.735930735930735
10.865800865800866
13.506493506493507
15.367965367965366
16.27705627705628
10.735930735930735
10.735930735930735
3.16017316017316
14.502164502164502
10.735930735930735
15.584415584415586
11.255411255411255
10.735930735930735
10.692640692640692
15.584415584415586
10.779220779220779
10.735930735930735
10.735930735930735
16.233766233766232
15.194805194805195
10.735930735930735
16.45021645021645
11.515151515151514
13.463203463203463
14.458874458874458
13.506493506493507
12.38095238095238
12.64069264069264
10.735930735930735
10.735930735930735
10.735930735930735
12.034632034632034
16.58008658008658
11.515151515151514
14.025974025974024
12.857142857142858
13.67965367965368
10.735930735930735
12.987012987012987
14.112554112554111
13.636363636363635
13.203463203463203
14.285714285714286
14.242424242424242
10.735930735930735
13.419913419913419
10.909090909090908
10.735930735930735
12.987012987012987
12.294372294372293
10.735930735930735
13.549783549783548
13.722943722943722
13.333333333333334
12.121212121212121
12.467532467532466
10.952380952380953
12.900432900432902
14.1991341991342
14.58874458874459
14.935064935064934
12.77056277056277
13.593073593073592
13.896103896103895
12.813852813852813
11.818181818181817
12.424242424242424
11.818181818181817
12.251082251082252
13.506493506493507
13.030303030303031
13.982683982683984
10.735930735930735
12.164502164502164
15.714285714285714
12.727272727272728
11.774891774891776
14.242424242424242
10.735930735930735
14.372294372294371
13.809523809523808
12.467532467532466
11.774891774891776
12.64069264069264
13.030303030303031
14.069264069264067
12.207792207792208
13.549783549783548
14.415584415584416
12.813852813852813
13.333333333333334
12.727272727272728
14.415584415584416
11.774891774891776
10.735930735930735
11.471861471861473
10.822510822510823
14.805194805194803
13.333333333333334
14.242424242424242
12.467532467532466
10.822510822510823
10.735930735930735
15.281385281385278
10.735930735930735
10.995670995670997
12.424242424242424
11.645021645021645
14.415584415584416
10.952380952380953
13.073593073593072
12.64069264069264
13.809523809523808
12.987012987012987
12.813852813852813
12.467532467532466
13.722943722943722
13.030303030303031
12.554112554112553
14.372294372294371
12.683982683982684
10.735930735930735
10.735930735930735
11.255411255411255
13.246753246753245
13.636363636363635
19.523809523809522
13.896103896103895
14.718614718614718
10.735930735930735
10.735930735930735
12.727272727272728
13.29004329004329
10.735930735930735
10.735930735930735
12.38095238095238
0.0
15.844155844155845
12.597402597402596
16.536796536796537
11.99134199134199
14.632034632034632
12.813852813852813
10.735930735930735
12.337662337662337
13.246753246753245
10.822510822510823
11.038961038961038
10.735930735930735
11.471861471861473
10.735930735930735
13.16017316017316
12.77056277056277
10.735930735930735
15.454545454545453
16.796536796536795
11.774891774891776
13.896103896103895
13.982683982683984
10.043290043290044
13.376623376623376
17.186147186147185
16.88311688311688
10.995670995670997
15.93073593073593
11.731601731601732
12.727272727272728
13.29004329004329
12.813852813852813
10.735930735930735
10.735930735930735
11.168831168831167
13.333333333333334
10.692640692640692
13.333333333333334
17.316017316017312
12.077922077922079
10.735930735930735
16.060606060606062
6.9264069264069255
12.424242424242424
12.597402597402596
13.203463203463203
11.082251082251082
10.735930735930735
14.025974025974024
13.766233766233766
15.541125541125542
10.909090909090908
10.735930735930735
10.865800865800866
10.735930735930735
10.735930735930735
10.735930735930735
12.77056277056277
10.822510822510823
10.779220779220779
10.735930735930735
13.16017316017316
10.735930735930735
12.38095238095238
18.095238095238095
10.735930735930735
10.952380952380953
13.593073593073592
10.865800865800866
10.735930735930735
12.207792207792208
12.554112554112553
13.93939393939394
11.86147186147186
12.38095238095238
11.212121212121211
13.766233766233766
12.727272727272728
13.766233766233766
15.584415584415586
11.082251082251082
10.735930735930735
13.896103896103895
13.982683982683984
10.735930735930735
13.419913419913419
12.683982683982684
13.16017316017316
12.467532467532466
12.38095238095238
11.774891774891776
10.779220779220779
11.038961038961038
11.428571428571429
12.424242424242424
14.415584415584416
13.203463203463203
14.415584415584416
14.935064935064934
13.506493506493507
14.458874458874458
13.030303030303031
10.735930735930735
14.89177489177489
12.77056277056277
12.727272727272728
13.116883116883116
13.030303030303031
11.601731601731602
13.982683982683984
10.735930735930735
12.813852813852813
13.463203463203463
10.995670995670997
14.112554112554111
14.112554112554111
11.038961038961038
17.835497835497836
12.943722943722944
12.857142857142858
13.030303030303031
13.29004329004329
14.1991341991342
11.212121212121211
15.324675324675322
14.718614718614718
13.766233766233766
13.246753246753245
14.415584415584416
10.735930735930735
12.683982683982684
15.497835497835498
12.51082251082251
10.735930735930735
14.632034632034632
10.735930735930735
2.943722943722944
10.822510822510823
10.735930735930735
10.865800865800866
15.10822510822511
10.735930735930735
15.454545454545453
11.212121212121211
12.424242424242424
10.822510822510823
10.952380952380953
14.848484848484848
10.822510822510823
15.281385281385278
11.298701298701298
12.597402597402596
14.718614718614718
10.952380952380953
13.246753246753245
10.995670995670997
15.064935064935066
11.515151515151514
12.554112554112553
14.718614718614718
13.67965367965368
10.735930735930735
10.735930735930735
13.246753246753245
10.952380952380953
10.995670995670997
13.203463203463203
13.896103896103895
12.294372294372293
10.735930735930735
13.593073593073592
12.294372294372293
10.735930735930735
10.735930735930735
14.935064935064934
11.298701298701298
10.735930735930735
14.025974025974024
10.735930735930735
15.324675324675322
11.428571428571429
14.025974025974024
13.636363636363635
0.0
12.813852813852813
14.285714285714286
15.41125541125541
10.735930735930735
15.194805194805195
12.77056277056277
10.952380952380953
10.735930735930735
10.735930735930735
15.497835497835498
10.735930735930735
12.77056277056277
10.735930735930735
10.865800865800866
14.502164502164502
12.38095238095238
14.285714285714286
12.77056277056277
12.51082251082251
10.735930735930735
13.376623376623376
10.735930735930735
14.285714285714286
11.558441558441558
11.99134199134199
10.779220779220779
15.021645021645021
19.61038961038961
10.735930735930735
13.549783549783548
11.774891774891776
10.692640692640692
11.645021645021645
10.735930735930735
10.822510822510823
10.735930735930735
12.77056277056277
11.038961038961038
13.463203463203463
14.372294372294371
18.744588744588743
10.779220779220779
10.822510822510823
14.025974025974024
13.593073593073592
13.463203463203463
13.722943722943722
14.1991341991342
13.073593073593072
10.735930735930735
14.1991341991342
0.0
10.735930735930735
20.0
13.030303030303031
10.735930735930735
10.735930735930735
13.16017316017316
10.735930735930735
16.83982683982684
14.285714285714286
18.57142857142857
17.619047619047617
16.96969696969697
10.735930735930735
10.735930735930735
13.376623376623376
11.038961038961038
10.735930735930735
10.822510822510823
10.952380952380953
10.995670995670997
13.333333333333334
10.735930735930735
10.735930735930735
16.88311688311688
13.93939393939394
13.030303030303031
10.909090909090908
12.554112554112553
11.038961038961038
17.229437229437227
17.792207792207794
10.735930735930735
10.735930735930735
10.735930735930735
12.207792207792208
10.822510822510823
15.281385281385278
10.735930735930735
15.064935064935066
17.142857142857142
19.393939393939394
12.077922077922079
12.683982683982684
10.909090909090908
10.735930735930735
15.454545454545453
15.021645021645021
7.662337662337661
12.38095238095238
10.735930735930735
12.900432900432902
10.735930735930735
10.779220779220779
10.995670995670997
10.735930735930735
10.735930735930735
13.463203463203463
10.865800865800866
10.735930735930735
13.636363636363635
12.251082251082252
13.67965367965368
14.545454545454543
11.298701298701298
11.212121212121211
14.58874458874459
10.822510822510823
11.99134199134199
12.813852813852813
15.844155844155845
10.779220779220779
12.77056277056277
17.792207792207794
10.952380952380953
15.844155844155845
10.735930735930735
20.0
10.735930735930735
11.948051948051948
10.735930735930735
11.515151515151514
10.735930735930735
12.38095238095238
11.904761904761905
12.164502164502164
11.255411255411255
10.735930735930735
10.865800865800866
10.909090909090908
15.367965367965366
11.212121212121211
14.978354978354979
16.493506493506494
12.337662337662337
10.735930735930735
10.735930735930735
10.865800865800866
11.385281385281385
15.10822510822511
10.692640692640692
10.735930735930735
10.779220779220779
15.497835497835498
10.735930735930735
11.255411255411255
10.735930735930735
12.597402597402596
12.424242424242424
12.554112554112553
14.545454545454543
14.285714285714286
3.2467532467532467
10.735930735930735
12.424242424242424
17.792207792207794
13.376623376623376
10.822510822510823
14.761904761904763
10.735930735930735
10.692640692640692
14.025974025974024
13.67965367965368
10.692640692640692
11.558441558441558
18.354978354978357
10.735930735930735
20.0
12.034632034632034
11.904761904761905
15.844155844155845
13.982683982683984
10.735930735930735
14.675324675324674
12.857142857142858
13.722943722943722
10.779220779220779
11.948051948051948
10.735930735930735
16.060606060606062
14.502164502164502
10.822510822510823
10.735930735930735
13.766233766233766
10.735930735930735
14.761904761904763
11.471861471861473
13.982683982683984
14.718614718614718
10.865800865800866
11.774891774891776
15.238095238095237
10.735930735930735
12.554112554112553
10.735930735930735
15.064935064935066
12.38095238095238
10.735930735930735
12.857142857142858
12.251082251082252
16.1038961038961
14.545454545454543
14.112554112554111
13.419913419913419
11.038961038961038
11.385281385281385
12.727272727272728
12.077922077922079
12.337662337662337
10.735930735930735
10.735930735930735
12.64069264069264
13.376623376623376
13.333333333333334
16.19047619047619
11.99134199134199
13.93939393939394
14.025974025974024
12.683982683982684
11.082251082251082
19.43722943722944
11.125541125541124
13.29004329004329
10.865800865800866
11.99134199134199
10.779220779220779
16.45021645021645
11.731601731601732
12.857142857142858
15.844155844155845
11.212121212121211
10.735930735930735
10.909090909090908
12.467532467532466
12.987012987012987
10.952380952380953
10.735930735930735
11.601731601731602
10.735930735930735
12.51082251082251
14.805194805194803
13.463203463203463
12.597402597402596
16.45021645021645
13.766233766233766
13.419913419913419
11.168831168831167
14.372294372294371
13.506493506493507
12.64069264069264
13.203463203463203
14.112554112554111
14.675324675324674
11.86147186147186
10.735930735930735
13.030303030303031
12.597402597402596
13.506493506493507
11.601731601731602
14.1991341991342
13.982683982683984
14.112554112554111
14.675324675324674
13.809523809523808
10.865800865800866
13.636363636363635
15.627705627705627
14.632034632034632
13.722943722943722
10.952380952380953
15.67099567099567
11.038961038961038
16.45021645021645
11.168831168831167
13.246753246753245
14.502164502164502
16.233766233766232
13.030303030303031
13.29004329004329
15.324675324675322
12.683982683982684
13.636363636363635
15.021645021645021
17.186147186147185
13.030303030303031
14.978354978354979
14.458874458874458
14.415584415584416
10.692640692640692
14.1991341991342
13.16017316017316
11.904761904761905
14.805194805194803
16.536796536796537
14.025974025974024
11.082251082251082
10.735930735930735
13.29004329004329
10.735930735930735
10.779220779220779
13.636363636363635
13.203463203463203
10.735930735930735
10.865800865800866
11.255411255411255
13.246753246753245
13.852813852813851
12.727272727272728
10.909090909090908
10.735930735930735
13.16017316017316
12.251082251082252
13.29004329004329
10.779220779220779
10.735930735930735
11.558441558441558
10.822510822510823
11.255411255411255
13.766233766233766
12.813852813852813
10.735930735930735
10.995670995670997
12.554112554112553
13.506493506493507
13.246753246753245
12.121212121212121
14.458874458874458
12.467532467532466
12.38095238095238
10.909090909090908
15.064935064935066
13.982683982683984
12.077922077922079
14.545454545454543
12.554112554112553
12.164502164502164
14.242424242424242
13.593073593073592
10.995670995670997
10.735930735930735
10.692640692640692
15.541125541125542
19.047619047619047
10.735930735930735
13.246753246753245
12.77056277056277
10.735930735930735
14.069264069264067
14.285714285714286
10.822510822510823
14.242424242424242
11.168831168831167
18.181818181818183
10.735930735930735
11.601731601731602
10.735930735930735
11.255411255411255
11.255411255411255
14.242424242424242
10.995670995670997
11.515151515151514
13.333333333333334
10.822510822510823
10.735930735930735
13.246753246753245
11.168831168831167
10.779220779220779
10.735930735930735
11.34199134199134
16.27705627705628
14.978354978354979
13.463203463203463
13.549783549783548
12.294372294372293
14.89177489177489
19.740259740259738
13.073593073593072
15.194805194805195
15.194805194805195
10.735930735930735
14.329004329004327
12.337662337662337
10.735930735930735
13.203463203463203
10.735930735930735
13.722943722943722
10.735930735930735
15.714285714285714
10.735930735930735
12.987012987012987
11.948051948051948
12.813852813852813
15.497835497835498
12.467532467532466
10.735930735930735
10.735930735930735
12.77056277056277
11.818181818181817
15.021645021645021
13.809523809523808
12.64069264069264
10.995670995670997
15.541125541125542
13.67965367965368
12.64069264069264
13.506493506493507
15.67099567099567
13.29004329004329
13.463203463203463
10.735930735930735
14.761904761904763
13.67965367965368
10.735930735930735
14.718614718614718
14.329004329004327
14.761904761904763
11.34199134199134
10.822510822510823
13.506493506493507
0.0
10.735930735930735
20.0
10.735930735930735
10.735930735930735
15.10822510822511
10.952380952380953
12.164502164502164
14.718614718614718
11.212121212121211
16.060606060606062
11.385281385281385
10.735930735930735
14.458874458874458
10.735930735930735
10.735930735930735
13.506493506493507
13.549783549783548
10.735930735930735
11.948051948051948
10.735930735930735
11.385281385281385
10.692640692640692
14.242424242424242
11.904761904761905
12.597402597402596
10.735930735930735
10.779220779220779
12.943722943722944
11.298701298701298
16.017316017316016
10.952380952380953
10.692640692640692
14.458874458874458
13.073593073593072
17.619047619047617
11.774891774891776
10.735930735930735
14.58874458874459
10.735930735930735
10.735930735930735
10.735930735930735
14.242424242424242
7.489177489177489
13.073593073593072
10.865800865800866
10.735930735930735
11.168831168831167
10.735930735930735
10.735930735930735
14.112554112554111
16.233766233766232
13.982683982683984
16.27705627705628
11.125541125541124
14.415584415584416
16.666666666666664
10.735930735930735
14.372294372294371
10.779220779220779
10.735930735930735
12.207792207792208
11.038961038961038
11.948051948051948
10.822510822510823
10.735930735930735
10.865800865800866
12.857142857142858
10.735930735930735
14.675324675324674
14.545454545454543
13.073593073593072
10.735930735930735
12.987012987012987
15.800865800865799
16.32034632034632
10.779220779220779
14.458874458874458
10.735930735930735
12.034632034632034
15.021645021645021
15.281385281385278
11.255411255411255
10.735930735930735
11.125541125541124
10.822510822510823
10.735930735930735
14.675324675324674
14.978354978354979
13.67965367965368
13.549783549783548
15.15151515151515
14.89177489177489
11.385281385281385
14.025974025974024
15.021645021645021
10.822510822510823
13.419913419913419
13.16017316017316
10.822510822510823
1.5151515151515151
10.952380952380953
11.038961038961038
13.16017316017316
12.77056277056277
10.952380952380953
13.29004329004329
13.073593073593072
10.735930735930735
11.082251082251082
11.86147186147186
14.112554112554111
11.212121212121211
11.34199134199134
11.038961038961038
16.060606060606062
12.121212121212121
15.324675324675322
12.943722943722944
15.627705627705627
10.822510822510823
10.779220779220779
10.735930735930735
13.203463203463203
11.038961038961038
10.822510822510823
15.10822510822511
10.779220779220779
14.935064935064934
10.735930735930735
5.151515151515151
10.735930735930735
10.735930735930735
13.376623376623376
10.735930735930735
10.735930735930735
10.822510822510823
15.10822510822511
10.735930735930735
10.735930735930735
16.406926406926406
11.038961038961038
11.428571428571429
10.735930735930735
10.735930735930735
14.069264069264067
10.779220779220779
12.900432900432902
10.735930735930735
14.978354978354979
10.735930735930735
10.735930735930735
10.735930735930735
10.735930735930735
15.281385281385278
11.125541125541124
11.948051948051948
10.735930735930735
17.142857142857142
10.735930735930735
17.186147186147185
18.311688311688307
13.896103896103895
6.883116883116883
14.58874458874459
11.212121212121211
11.082251082251082
10.735930735930735
12.467532467532466
13.333333333333334
13.636363636363635
10.735930735930735
10.735930735930735
15.281385281385278
13.636363636363635
10.735930735930735
14.372294372294371
16.19047619047619
13.030303030303031
11.038961038961038
14.502164502164502
13.030303030303031
17.142857142857142
13.116883116883116
10.735930735930735
14.89177489177489
12.943722943722944
12.164502164502164
14.112554112554111
16.19047619047619
13.982683982683984
13.030303030303031
12.813852813852813
10.735930735930735
10.735930735930735
15.454545454545453
10.779220779220779
14.458874458874458
13.333333333333334
12.554112554112553
11.645021645021645
14.112554112554111
10.735930735930735
10.822510822510823
11.99134199134199
13.593073593073592
14.458874458874458
14.329004329004327
16.32034632034632
14.761904761904763
11.168831168831167
11.515151515151514
14.935064935064934
10.735930735930735
10.952380952380953
14.285714285714286
12.38095238095238
10.779220779220779
10.735930735930735
14.58874458874459
0.0
12.727272727272728
14.935064935064934
12.64069264069264
12.943722943722944
12.813852813852813
11.515151515151514
14.112554112554111
12.424242424242424
10.822510822510823
16.88311688311688
11.385281385281385
15.757575757575758
14.502164502164502
13.463203463203463
10.735930735930735
14.1991341991342
14.329004329004327
10.909090909090908
14.112554112554111
13.203463203463203
13.549783549783548
10.735930735930735
15.10822510822511
12.727272727272728
15.281385281385278
13.203463203463203
16.147186147186147
10.735930735930735
11.558441558441558
12.943722943722944
10.952380952380953
13.116883116883116
15.324675324675322
10.735930735930735
10.865800865800866
15.10822510822511
16.1038961038961
11.601731601731602
10.779220779220779
15.584415584415586
10.735930735930735
10.735930735930735
18.484848484848484
14.718614718614718
10.735930735930735
12.034632034632034
13.246753246753245
10.735930735930735
12.294372294372293
10.735930735930735
10.909090909090908
10.735930735930735
12.727272727272728
10.735930735930735
12.294372294372293
12.38095238095238
10.952380952380953
10.735930735930735
13.203463203463203
10.952380952380953
10.735930735930735
10.735930735930735
13.116883116883116
12.294372294372293
12.813852813852813
10.735930735930735
12.77056277056277
10.865800865800866
13.852813852813851
15.281385281385278
12.077922077922079
14.069264069264067
16.623376623376622
14.372294372294371
13.333333333333334
11.385281385281385
10.735930735930735
11.385281385281385
10.692640692640692
10.735930735930735
11.168831168831167
14.112554112554111
15.454545454545453
12.987012987012987
15.887445887445885
10.909090909090908
15.497835497835498
14.632034632034632
13.29004329004329
14.242424242424242
11.904761904761905
12.337662337662337
12.251082251082252
12.38095238095238
10.779220779220779
13.636363636363635
14.329004329004327
14.675324675324674
10.692640692640692
10.865800865800866
12.77056277056277
13.463203463203463
11.515151515151514
12.943722943722944
10.735930735930735
10.735930735930735
11.255411255411255
13.896103896103895
16.666666666666664
11.774891774891776
13.463203463203463
11.904761904761905
10.735930735930735
15.67099567099567
13.506493506493507
14.89177489177489
10.735930735930735
14.58874458874459
11.818181818181817
12.597402597402596
10.735930735930735
10.822510822510823
10.822510822510823
12.900432900432902
13.636363636363635
12.164502164502164
10.735930735930735
14.978354978354979
15.064935064935066
13.982683982683984
10.995670995670997
14.89177489177489
13.463203463203463
12.64069264069264
10.865800865800866
10.995670995670997
15.367965367965366
12.337662337662337
10.735930735930735
12.251082251082252
11.601731601731602
11.255411255411255
14.761904761904763
14.372294372294371
11.298701298701298
11.082251082251082
10.692640692640692
14.935064935064934
15.367965367965366
10.735930735930735
10.735930735930735
14.89177489177489
10.735930735930735
9.523809523809524
13.463203463203463
11.601731601731602
16.70995670995671
10.735930735930735
14.155844155844155
10.735930735930735
10.952380952380953
14.372294372294371
13.549783549783548
12.597402597402596
14.632034632034632
13.722943722943722
10.735930735930735
13.419913419913419
12.987012987012987
13.419913419913419
12.943722943722944
10.25974025974026
12.900432900432902
13.506493506493507
10.779220779220779
10.735930735930735
11.34199134199134
0.0
10.779220779220779
15.021645021645021
13.073593073593072
17.01298701298701
12.554112554112553
10.692640692640692
15.584415584415586
10.735930735930735
16.32034632034632
14.805194805194803
14.502164502164502
13.333333333333334
13.549783549783548
10.735930735930735
10.779220779220779
12.857142857142858
13.246753246753245
11.298701298701298
11.082251082251082
15.238095238095237
15.10822510822511
11.038961038961038
12.294372294372293
10.735930735930735
14.069264069264067
14.545454545454543
13.246753246753245
12.900432900432902
15.021645021645021
10.865800865800866
8.44155844155844
15.714285714285714
10.735930735930735
11.082251082251082
10.735930735930735
10.735930735930735
15.281385281385278
10.735930735930735
10.865800865800866
11.298701298701298
14.112554112554111
10.735930735930735
18.095238095238095
11.645021645021645
15.93073593073593
13.419913419913419
14.155844155844155
14.329004329004327
10.735930735930735
13.766233766233766
12.943722943722944
19.43722943722944
10.735930735930735
10.865800865800866
14.675324675324674
10.952380952380953
10.735930735930735
10.822510822510823
12.034632034632034
12.337662337662337
15.93073593073593
15.627705627705627
10.735930735930735
10.735930735930735
12.424242424242424
16.147186147186147
16.493506493506494
11.428571428571429
13.593073593073592
13.506493506493507
11.688311688311689
12.64069264069264
10.822510822510823
10.735930735930735
12.077922077922079
10.822510822510823
10.735930735930735
10.735930735930735
13.722943722943722
10.735930735930735
14.58874458874459
12.987012987012987
12.51082251082251
10.735930735930735
10.735930735930735
14.89177489177489
10.735930735930735
15.541125541125542
13.463203463203463
12.857142857142858
14.718614718614718
15.757575757575758
10.779220779220779
11.038961038961038
12.554112554112553
14.675324675324674
10.735930735930735
12.337662337662337
13.722943722943722
12.727272727272728
13.636363636363635
10.735930735930735
13.16017316017316
12.164502164502164
10.735930735930735
11.34199134199134
13.766233766233766
13.636363636363635
16.147186147186147
11.601731601731602
10.779220779220779
10.735930735930735
14.632034632034632
10.735930735930735
10.735930735930735
11.255411255411255
13.419913419913419
10.735930735930735
10.735930735930735
10.865800865800866
20.0
15.41125541125541
11.082251082251082
12.857142857142858
13.246753246753245
11.731601731601732
14.718614718614718
10.735930735930735
13.982683982683984
12.034632034632034
11.168831168831167
10.952380952380953
14.545454545454543
10.865800865800866
10.735930735930735
10.735930735930735
11.038961038961038
14.025974025974024
14.935064935064934
14.155844155844155
10.735930735930735
14.242424242424242
14.025974025974024
13.333333333333334
12.121212121212121
13.116883116883116
10.735930735930735
14.502164502164502
14.632034632034632
10.735930735930735
13.809523809523808
13.203463203463203
10.735930735930735
13.852813852813851
10.735930735930735
10.735930735930735
13.636363636363635
13.376623376623376
10.735930735930735
16.147186147186147
11.212121212121211
12.900432900432902
13.809523809523808
12.813852813852813
16.493506493506494
13.419913419913419
10.735930735930735
14.502164502164502
13.29004329004329
12.077922077922079
14.112554112554111
13.766233766233766
15.584415584415586
12.467532467532466
12.77056277056277
15.541125541125542
12.813852813852813
13.506493506493507
14.89177489177489
13.67965367965368
13.073593073593072
11.99134199134199
14.89177489177489
12.554112554112553
11.731601731601732
10.735930735930735
13.506493506493507
12.164502164502164
14.718614718614718
10.865800865800866
14.848484848484848
12.727272727272728
12.597402597402596
16.363636363636363
12.251082251082252
15.887445887445885
14.155844155844155
12.51082251082251
15.800865800865799
10.822510822510823
15.064935064935066
13.463203463203463
10.735930735930735
13.16017316017316
13.073593073593072
17.705627705627705
12.121212121212121
14.675324675324674
10.995670995670997
10.822510822510823
10.735930735930735
14.632034632034632
10.735930735930735
13.506493506493507
13.463203463203463
13.852813852813851
10.952380952380953
11.038961038961038
13.982683982683984
12.77056277056277
16.233766233766232
13.549783549783548
10.909090909090908
15.757575757575758
13.116883116883116
11.86147186147186
14.675324675324674
10.952380952380953
11.168831168831167
13.982683982683984
12.121212121212121
10.735930735930735
10.865800865800866
10.779220779220779
10.735930735930735
12.900432900432902
10.865800865800866
12.727272727272728
15.67099567099567
13.593073593073592
13.463203463203463
13.463203463203463
13.67965367965368
14.458874458874458
15.238095238095237
11.471861471861473
15.800865800865799
15.541125541125542
10.735930735930735
14.112554112554111
11.125541125541124
10.779220779220779
13.593073593073592
11.038961038961038
10.952380952380953
13.376623376623376
10.735930735930735
20.0
13.593073593073592
12.51082251082251
14.761904761904763
11.601731601731602
14.675324675324674
13.593073593073592
10.735930735930735
13.896103896103895
14.761904761904763
12.727272727272728
12.987012987012987
12.597402597402596
11.385281385281385
13.376623376623376
13.636363636363635
13.16017316017316
12.467532467532466
14.545454545454543
13.506493506493507
11.601731601731602
10.735930735930735
14.285714285714286
13.29004329004329
13.896103896103895
12.51082251082251
11.645021645021645
13.93939393939394
11.818181818181817
12.900432900432902
13.463203463203463
14.112554112554111
13.549783549783548
12.683982683982684
13.506493506493507
12.77056277056277
12.943722943722944
13.419913419913419
12.251082251082252
10.735930735930735
12.034632034632034
14.545454545454543
15.15151515151515
13.852813852813851
14.155844155844155
12.64069264069264
13.852813852813851
12.857142857142858
13.722943722943722
10.735930735930735
11.645021645021645
10.735930735930735
14.329004329004327
12.943722943722944
10.735930735930735
11.99134199134199
10.735930735930735
12.683982683982684
13.16017316017316
11.558441558441558
10.735930735930735
12.727272727272728
17.48917748917749
10.735930735930735
10.779220779220779
11.038961038961038
14.112554112554111
11.688311688311689
11.212121212121211
11.125541125541124
11.212121212121211
12.900432900432902
11.038961038961038
13.896103896103895
13.16017316017316
12.294372294372293
10.995670995670997
15.238095238095237
11.948051948051948
13.073593073593072
13.073593073593072
11.125541125541124
14.502164502164502
12.467532467532466
12.294372294372293
10.735930735930735
13.203463203463203
13.852813852813851
11.038961038961038
10.735930735930735
13.852813852813851
10.735930735930735
14.458874458874458
10.735930735930735
13.116883116883116
14.112554112554111
15.15151515151515
14.372294372294371
13.29004329004329
10.995670995670997
10.735930735930735
10.735930735930735
12.813852813852813
12.987012987012987
15.10822510822511
14.761904761904763
13.246753246753245
14.069264069264067
10.735930735930735
10.779220779220779
11.038961038961038
11.688311688311689
10.735930735930735
13.333333333333334
13.67965367965368
13.506493506493507
13.809523809523808
12.683982683982684
13.16017316017316
12.337662337662337
10.735930735930735
12.900432900432902
10.735930735930735
10.909090909090908
10.735930735930735
10.735930735930735
12.51082251082251
13.419913419913419
10.735930735930735
14.329004329004327
14.372294372294371
13.333333333333334
12.337662337662337
10.735930735930735
13.896103896103895
10.735930735930735
14.848484848484848
13.203463203463203
13.593073593073592
11.385281385281385
11.904761904761905
11.298701298701298
13.809523809523808
19.523809523809522
10.735930735930735
11.948051948051948
12.987012987012987
10.735930735930735
13.116883116883116
13.030303030303031
13.809523809523808
12.554112554112553
10.735930735930735
15.93073593073593
10.865800865800866
12.337662337662337
11.34199134199134
14.675324675324674
12.987012987012987
12.987012987012987
14.458874458874458
18.484848484848484
13.593073593073592
11.212121212121211
12.207792207792208
11.99134199134199
10.995670995670997
16.27705627705628
13.463203463203463
14.415584415584416
13.506493506493507
10.952380952380953
12.64069264069264
13.030303030303031
10.735930735930735
12.77056277056277
10.735930735930735
10.822510822510823
10.909090909090908
13.463203463203463
10.865800865800866
14.069264069264067
12.337662337662337
15.887445887445885
12.424242424242424
13.636363636363635
12.64069264069264
11.86147186147186
10.735930735930735
10.735930735930735
12.554112554112553
12.900432900432902
11.34199134199134
13.506493506493507
14.112554112554111
10.822510822510823
14.761904761904763
12.034632034632034
12.683982683982684
10.822510822510823
10.735930735930735
10.735930735930735
16.926406926406926
10.779220779220779
12.683982683982684
11.082251082251082
12.857142857142858
11.038961038961038
0.0
10.735930735930735
20.0
10.735930735930735
10.735930735930735
15.497835497835498
10.779220779220779
10.735930735930735
0.0
10.735930735930735
10.735930735930735
10.735930735930735
10.735930735930735
15.584415584415586
0.0
17.66233766233766
10.735930735930735
10.735930735930735
18.83116883116883
0.0
16.406926406926406
10.735930735930735
1.645021645021645
10.735930735930735
13.636363636363635
0.0
10.735930735930735
10.735930735930735
0.0
10.692640692640692
0.0
10.735930735930735
1.0389610389610389
4.1558441558441555
15.497835497835498
13.506493506493507
10.779220779220779
0.0
0.0
14.155844155844155
10.735930735930735
10.735930735930735
0.0
10.735930735930735
2.7705627705627704
10.735930735930735
10.432900432900434
8.095238095238095
10.952380952380953
10.692640692640692
0.0
0.0
2.857142857142857
0.0
10.822510822510823
10.995670995670997
14.805194805194803
0.0
10.692640692640692
10.735930735930735
6.32034632034632
11.601731601731602
10.692640692640692
0.0
10.995670995670997
10.779220779220779
0.0
0.0
15.064935064935066
10.995670995670997
11.125541125541124
0.0
10.995670995670997
10.735930735930735
10.692640692640692
10.692640692640692
15.064935064935066
10.692640692640692
10.692640692640692
10.822510822510823
10.779220779220779
0.0
10.909090909090908
10.692640692640692
10.692640692640692
10.692640692640692
10.735930735930735
10.735930735930735
10.735930735930735
14.112554112554111
10.692640692640692
10.735930735930735
2.987012987012987
4.7186147186147185
10.735930735930735
10.692640692640692
4.675324675324675
10.692640692640692
14.329004329004327
10.735930735930735
13.333333333333334
12.64069264069264
10.735930735930735
13.463203463203463
13.896103896103895
10.735930735930735
10.995670995670997
10.735930735930735
13.030303030303031
16.796536796536795
10.822510822510823
12.77056277056277
13.549783549783548
10.909090909090908
10.735930735930735
15.757575757575758
14.675324675324674
15.15151515151515
10.735930735930735
13.593073593073592
12.597402597402596
11.038961038961038
13.982683982683984
19.264069264069263
10.822510822510823
12.467532467532466
13.549783549783548
12.813852813852813
10.735930735930735
12.554112554112553
10.735930735930735
13.203463203463203
14.1991341991342
11.255411255411255
13.376623376623376
12.727272727272728
10.735930735930735
13.549783549783548
13.593073593073592
11.34199134199134
13.549783549783548
10.822510822510823
14.285714285714286
13.852813852813851
10.909090909090908
12.034632034632034
13.073593073593072
10.822510822510823
10.952380952380953
11.298701298701298
15.281385281385278
13.376623376623376
11.082251082251082
14.112554112554111
15.757575757575758
10.735930735930735
10.779220779220779
13.93939393939394
10.735930735930735
13.67965367965368
14.155844155844155
14.675324675324674
10.735930735930735
13.16017316017316
13.419913419913419
14.112554112554111
12.121212121212121
10.735930735930735
16.96969696969697
15.194805194805195
11.038961038961038
10.865800865800866
14.848484848484848
18.311688311688307
12.554112554112553
10.865800865800866
10.735930735930735
13.073593073593072
13.93939393939394
13.463203463203463
14.632034632034632
13.419913419913419
19.480519480519476
13.203463203463203
13.722943722943722
12.813852813852813
15.064935064935066
12.424242424242424
11.168831168831167
11.168831168831167
11.86147186147186
15.324675324675322
10.735930735930735
10.995670995670997
10.735930735930735
13.376623376623376
13.852813852813851
11.428571428571429
14.1991341991342
12.121212121212121
15.194805194805195
11.645021645021645
10.735930735930735
11.948051948051948
10.735930735930735
14.848484848484848
10.735930735930735
14.935064935064934
11.34199134199134
18.13852813852814
12.424242424242424
12.337662337662337
14.848484848484848
14.848484848484848
10.735930735930735
14.805194805194803
10.735930735930735
12.813852813852813
11.34199134199134
14.372294372294371
14.025974025974024
12.077922077922079
13.333333333333334
10.735930735930735
13.419913419913419
11.601731601731602
13.246753246753245
10.735930735930735
12.813852813852813
12.900432900432902
10.735930735930735
15.064935064935066
12.900432900432902
10.735930735930735
10.735930735930735
10.909090909090908
14.848484848484848
13.722943722943722
12.64069264069264
10.865800865800866
14.545454545454543
10.952380952380953
10.909090909090908
14.285714285714286
11.688311688311689
13.852813852813851
12.251082251082252
16.363636363636363
13.463203463203463
10.995670995670997
10.995670995670997
14.329004329004327
13.636363636363635
10.735930735930735
10.952380952380953
12.121212121212121
14.112554112554111
10.735930735930735
10.735930735930735
12.987012987012987
10.735930735930735
16.406926406926406
13.852813852813851
14.458874458874458
10.735930735930735
14.329004329004327
12.51082251082251
15.844155844155845
13.030303030303031
14.025974025974024
13.419913419913419
10.735930735930735
12.51082251082251
10.735930735930735
12.727272727272728
10.822510822510823
10.735930735930735
14.632034632034632
10.735930735930735
14.329004329004327
13.29004329004329
10.735930735930735
17.965367965367964
10.735930735930735
12.64069264069264
15.367965367965366
14.458874458874458
12.034632034632034
14.545454545454543
15.584415584415586
10.735930735930735
10.735930735930735
10.735930735930735
13.809523809523808
12.943722943722944
14.848484848484848
13.636363636363635
10.995670995670997
10.735930735930735
10.735930735930735
10.735930735930735
10.735930735930735
13.16017316017316
15.454545454545453
12.51082251082251
12.900432900432902
12.597402597402596
12.64069264069264
14.329004329004327
10.735930735930735
14.025974025974024
13.030303030303031
20.0
10.779220779220779
10.735930735930735
11.818181818181817
12.077922077922079
15.064935064935066
12.727272727272728
12.77056277056277
12.337662337662337
14.025974025974024
12.727272727272728
13.549783549783548
14.112554112554111
13.506493506493507
13.766233766233766
10.735930735930735
13.16017316017316
12.121212121212121
13.549783549783548
13.67965367965368
13.376623376623376
10.735930735930735
10.735930735930735
13.333333333333334
10.779220779220779
13.506493506493507
12.987012987012987
12.424242424242424
15.15151515151515
15.324675324675322
14.372294372294371
13.67965367965368
14.329004329004327
10.779220779220779
13.246753246753245
10.995670995670997
10.735930735930735
11.601731601731602
11.082251082251082
18.095238095238095
12.727272727272728
15.194805194805195
13.809523809523808
10.735930735930735
10.735930735930735
12.597402597402596
12.034632034632034
13.982683982683984
13.333333333333334
10.735930735930735
10.779220779220779
14.285714285714286
13.16017316017316
13.982683982683984
10.735930735930735
14.718614718614718
12.597402597402596
15.497835497835498
12.121212121212121
14.805194805194803
13.722943722943722
11.125541125541124
13.246753246753245
20.0
10.735930735930735
13.852813852813851
11.082251082251082
10.735930735930735
13.982683982683984
12.64069264069264
11.038961038961038
10.735930735930735
13.376623376623376
13.246753246753245
10.735930735930735
14.1991341991342
15.714285714285714
17.229437229437227
10.735930735930735
14.242424242424242
13.982683982683984
10.735930735930735
10.735930735930735
15.064935064935066
12.900432900432902
10.735930735930735
11.255411255411255
12.597402597402596
15.15151515151515
12.251082251082252
10.735930735930735
13.93939393939394
10.735930735930735
16.753246753246753
14.069264069264067
10.822510822510823
11.99134199134199
14.285714285714286
14.58874458874459
15.714285714285714
14.025974025974024
14.58874458874459
10.735930735930735
13.203463203463203
13.16017316017316
12.857142857142858
11.558441558441558
13.549783549783548
10.735930735930735
12.207792207792208
13.376623376623376
10.735930735930735
10.735930735930735
11.645021645021645
10.735930735930735
13.766233766233766
12.034632034632034
10.735930735930735
14.978354978354979
14.329004329004327
10.735930735930735
12.857142857142858
11.038961038961038
16.19047619047619
15.757575757575758
10.735930735930735
16.19047619047619
10.735930735930735
10.779220779220779
12.164502164502164
11.038961038961038
15.584415584415586
16.88311688311688
10.735930735930735
16.363636363636363
12.987012987012987
10.735930735930735
13.549783549783548
16.363636363636363
16.060606060606062
10.735930735930735
15.281385281385278
13.93939393939394
14.069264069264067
10.822510822510823
10.865800865800866
11.082251082251082
15.714285714285714
10.995670995670997
11.558441558441558
14.372294372294371
10.735930735930735
15.844155844155845
10.735930735930735
10.865800865800866
10.735930735930735
13.982683982683984
10.735930735930735
11.255411255411255
10.735930735930735
13.463203463203463
14.632034632034632
14.545454545454543
10.735930735930735
12.857142857142858
13.030303030303031
10.735930735930735
13.722943722943722
13.246753246753245
14.415584415584416
10.735930735930735
13.203463203463203
14.502164502164502
12.987012987012987
16.1038961038961
13.030303030303031
13.852813852813851
10.735930735930735
10.735930735930735
10.735930735930735
13.030303030303031
10.735930735930735
13.896103896103895
10.735930735930735
16.666666666666664
10.735930735930735
12.900432900432902
10.735930735930735
14.58874458874459
10.735930735930735
2.554112554112554
10.735930735930735
11.774891774891776
10.692640692640692
13.852813852813851
13.463203463203463
10.735930735930735
9.913419913419911
13.463203463203463
19.6969696969697
15.714285714285714
14.415584415584416
10.735930735930735
15.454545454545453
13.246753246753245
10.735930735930735
15.367965367965366
10.822510822510823
10.735930735930735
10.735930735930735
10.735930735930735
10.822510822510823
10.735930735930735
13.593073593073592
10.692640692640692
10.735930735930735
13.636363636363635
10.735930735930735
13.722943722943722
15.454545454545453
10.735930735930735
10.735930735930735
6.753246753246754
10.735930735930735
10.735930735930735
15.194805194805195
10.865800865800866
12.813852813852813
12.683982683982684
13.896103896103895
12.900432900432902
10.692640692640692
10.735930735930735
10.692640692640692
12.727272727272728
10.909090909090908
10.735930735930735
10.865800865800866
13.073593073593072
10.735930735930735
18.354978354978357
17.272727272727273
15.194805194805195
10.735930735930735
10.779220779220779
10.995670995670997
10.735930735930735
10.735930735930735
10.735930735930735
13.809523809523808
10.735930735930735
10.692640692640692
10.735930735930735
10.735930735930735
11.082251082251082
10.865800865800866
13.29004329004329
10.735930735930735
13.93939393939394
10.735930735930735
0.0
14.805194805194803
10.735930735930735
11.515151515151514
10.735930735930735
11.125541125541124
11.688311688311689
10.692640692640692
10.735930735930735
14.632034632034632
11.212121212121211
11.082251082251082
12.337662337662337
10.952380952380953
10.735930735930735
10.735930735930735
10.735930735930735
10.735930735930735
4.199134199134199
13.766233766233766
11.125541125541124
10.779220779220779
12.034632034632034
13.549783549783548
14.458874458874458
13.203463203463203
10.822510822510823
11.082251082251082
12.38095238095238
10.995670995670997
13.29004329004329
13.333333333333334
13.29004329004329
11.038961038961038
15.67099567099567
13.29004329004329
10.735930735930735
10.735930735930735
11.34199134199134
12.077922077922079
20.0
12.207792207792208
13.766233766233766
13.766233766233766
15.281385281385278
13.766233766233766
14.805194805194803
10.779220779220779
14.1991341991342
14.242424242424242
13.593073593073592
0.0
10.865800865800866
14.502164502164502
13.29004329004329
14.458874458874458
10.865800865800866
11.298701298701298
13.333333333333334
11.601731601731602
12.683982683982684
15.281385281385278
12.943722943722944
13.93939393939394
13.16017316017316
13.16017316017316
14.458874458874458
14.848484848484848
10.692640692640692
10.735930735930735
10.952380952380953
12.987012987012987
10.735930735930735
13.982683982683984
12.900432900432902
10.735930735930735
16.27705627705628
15.757575757575758
10.995670995670997
10.735930735930735
15.238095238095237
14.285714285714286
10.735930735930735
16.58008658008658
12.034632034632034
11.168831168831167
13.67965367965368
10.735930735930735
11.038961038961038
15.281385281385278
11.99134199134199
12.857142857142858
10.909090909090908
17.186147186147185
10.735930735930735
10.735930735930735
11.34199134199134
10.735930735930735
10.735930735930735
18.441558441558442
10.735930735930735
10.735930735930735
15.627705627705627
10.735930735930735
10.735930735930735
13.333333333333334
15.757575757575758
10.735930735930735
10.735930735930735
10.735930735930735
10.735930735930735
10.735930735930735
10.779220779220779
10.735930735930735
10.735930735930735
13.766233766233766
10.735930735930735
11.558441558441558
10.735930735930735
12.077922077922079
13.506493506493507
11.515151515151514
13.809523809523808
10.779220779220779
10.735930735930735
13.463203463203463
12.164502164502164
13.506493506493507
15.021645021645021
13.722943722943722
12.51082251082251
12.987012987012987
10.952380952380953
13.67965367965368
11.731601731601732
10.735930735930735
11.515151515151514
13.722943722943722
10.735930735930735
10.822510822510823
13.549783549783548
15.15151515151515
10.735930735930735
10.779220779220779
14.155844155844155
14.935064935064934
13.809523809523808
10.822510822510823
12.467532467532466
10.735930735930735
10.865800865800866
13.67965367965368
14.025974025974024
13.852813852813851
12.813852813852813
13.67965367965368
13.593073593073592
14.761904761904763
13.073593073593072
11.428571428571429
14.155844155844155
13.982683982683984
14.112554112554111
10.995670995670997
11.168831168831167
15.757575757575758
10.735930735930735
10.735930735930735
12.597402597402596
16.19047619047619
12.64069264069264
10.735930735930735
16.926406926406926
13.16017316017316
10.952380952380953
10.865800865800866
16.406926406926406
10.735930735930735
10.909090909090908
10.735930735930735
18.7012987012987
13.593073593073592
12.467532467532466
13.636363636363635
13.29004329004329
13.982683982683984
13.073593073593072
13.333333333333334
10.735930735930735
10.735930735930735
10.909090909090908
10.735930735930735
10.735930735930735
14.285714285714286
14.675324675324674
10.735930735930735
13.593073593073592
13.463203463203463
13.852813852813851
16.623376623376622
13.246753246753245
10.735930735930735
13.722943722943722
10.735930735930735
11.255411255411255
10.779220779220779
15.541125541125542
14.242424242424242
12.900432900432902
10.735930735930735
16.060606060606062
15.324675324675322
12.900432900432902
15.367965367965366
14.935064935064934
13.506493506493507
17.272727272727273
12.900432900432902
10.735930735930735
13.852813852813851
10.735930735930735
13.636363636363635
10.995670995670997
10.735930735930735
10.735930735930735
10.692640692640692
19.61038961038961
11.082251082251082
13.16017316017316
8.658008658008656
12.857142857142858
14.545454545454543
15.281385281385278
10.735930735930735
10.779220779220779
13.073593073593072
12.77056277056277
10.735930735930735
13.636363636363635
10.692640692640692
15.844155844155845
11.125541125541124
17.229437229437227
18.00865800865801
13.073593073593072
12.467532467532466
0.0
11.428571428571429
11.515151515151514
10.735930735930735
10.735930735930735
10.735930735930735
15.324675324675322
12.251082251082252
18.83116883116883
16.32034632034632
10.735930735930735
10.909090909090908
12.597402597402596
10.779220779220779
10.735930735930735
11.515151515151514
10.735930735930735
12.034632034632034
11.298701298701298
13.93939393939394
11.645021645021645
13.073593073593072
10.692640692640692
12.64069264069264
12.813852813852813
10.735930735930735
10.692640692640692
15.064935064935066
10.735930735930735
13.16017316017316
10.735930735930735
10.822510822510823
17.186147186147185
13.203463203463203
10.735930735930735
12.727272727272728
13.116883116883116
10.735930735930735
13.463203463203463
13.852813852813851
10.735930735930735
12.813852813852813
10.735930735930735
10.735930735930735
10.735930735930735
20.0
12.987012987012987
11.86147186147186
10.735930735930735
14.329004329004327
14.761904761904763
10.822510822510823
12.987012987012987
13.333333333333334
15.627705627705627
11.125541125541124
17.0995670995671
13.246753246753245
10.909090909090908
10.735930735930735
14.285714285714286
15.800865800865799
15.324675324675322
10.735930735930735
10.735930735930735
10.735930735930735
11.168831168831167
14.329004329004327
13.116883116883116
10.735930735930735
10.735930735930735
10.735930735930735
10.865800865800866
13.549783549783548
15.194805194805195
10.909090909090908
13.982683982683984
10.909090909090908
20.0
10.735930735930735
14.415584415584416
16.233766233766232
12.034632034632034
13.333333333333334
10.735930735930735
13.463203463203463
15.67099567099567
12.467532467532466
13.67965367965368
12.857142857142858
10.909090909090908
12.943722943722944
10.692640692640692
11.168831168831167
14.675324675324674
12.683982683982684
14.112554112554111
13.636363636363635
13.766233766233766
0.0
10.692640692640692
10.865800865800866
10.865800865800866
15.541125541125542
13.636363636363635
10.952380952380953
14.372294372294371
16.536796536796537
13.463203463203463
10.735930735930735
10.735930735930735
12.683982683982684
13.93939393939394
12.77056277056277
12.900432900432902
10.952380952380953
11.818181818181817
14.58874458874459
13.203463203463203
0.0
14.89177489177489
13.116883116883116
14.069264069264067
12.51082251082251
15.10822510822511
10.735930735930735
13.982683982683984
12.38095238095238
10.735930735930735
10.865800865800866
10.735930735930735
10.865800865800866
10.822510822510823
11.255411255411255
12.77056277056277
12.943722943722944
13.203463203463203
18.051948051948052
10.952380952380953
10.735930735930735
16.060606060606062
12.337662337662337
10.735930735930735
10.822510822510823
13.93939393939394
14.242424242424242
11.038961038961038
11.385281385281385
10.735930735930735
10.952380952380953
10.779220779220779
10.735930735930735
10.735930735930735
10.822510822510823
11.212121212121211
10.735930735930735
20.0
17.835497835497836
14.632034632034632
10.909090909090908
10.735930735930735
10.735930735930735
10.735930735930735
16.147186147186147
10.735930735930735
10.822510822510823
14.112554112554111
10.346320346320347
16.147186147186147
15.627705627705627
13.419913419913419
10.952380952380953
11.904761904761905
10.735930735930735
15.41125541125541
10.865800865800866
10.735930735930735
12.207792207792208
10.735930735930735
12.77056277056277
14.848484848484848
14.89177489177489
14.718614718614718
13.463203463203463
11.99134199134199
10.735930735930735
11.688311688311689
10.952380952380953
15.10822510822511
16.147186147186147
10.735930735930735
12.727272727272728
14.632034632034632
12.987012987012987
15.844155844155845
11.082251082251082
14.761904761904763
10.735930735930735
14.415584415584416
10.735930735930735
13.506493506493507
12.121212121212121
11.168831168831167
12.38095238095238
15.454545454545453
13.896103896103895
12.034632034632034
11.125541125541124
10.735930735930735
14.89177489177489
14.1991341991342
13.16017316017316
10.909090909090908
12.121212121212121
15.194805194805195
10.909090909090908
14.58874458874459
10.735930735930735
10.735930735930735
12.077922077922079
10.735930735930735
12.337662337662337
11.298701298701298
12.64069264069264
10.995670995670997
11.168831168831167
17.748917748917748
11.168831168831167
11.731601731601732
14.285714285714286
16.623376623376622
10.779220779220779
12.857142857142858
15.584415584415586
14.632034632034632
10.735930735930735
11.038961038961038
10.735930735930735
13.549783549783548
15.41125541125541
10.735930735930735
12.943722943722944
10.822510822510823
14.025974025974024
16.233766233766232
11.645021645021645
13.29004329004329
10.735930735930735
11.125541125541124
10.735930735930735
10.735930735930735
13.982683982683984
10.822510822510823
12.900432900432902
10.735930735930735
13.852813852813851
10.995670995670997
14.372294372294371
15.541125541125542
13.67965367965368
10.822510822510823
12.900432900432902
10.735930735930735
14.718614718614718
16.96969696969697
10.735930735930735
11.125541125541124
15.93073593073593
13.722943722943722
10.735930735930735
13.896103896103895
12.987012987012987
10.779220779220779
11.688311688311689
10.822510822510823
11.255411255411255
11.038961038961038
13.722943722943722
11.082251082251082
10.735930735930735
12.121212121212121
13.116883116883116
13.376623376623376
14.935064935064934
12.813852813852813
13.16017316017316
12.51082251082251
12.077922077922079
14.761904761904763
10.735930735930735
12.164502164502164
10.735930735930735
12.51082251082251
14.761904761904763
12.857142857142858
15.064935064935066
10.735930735930735
10.735930735930735
10.735930735930735
14.112554112554111
13.93939393939394
13.246753246753245
17.0995670995671
12.64069264069264
15.541125541125542
14.805194805194803
10.735930735930735
14.1991341991342
12.900432900432902
16.363636363636363
10.735930735930735
14.025974025974024
11.774891774891776
13.116883116883116
10.735930735930735
13.29004329004329
12.683982683982684
11.688311688311689
10.735930735930735
16.060606060606062
13.593073593073592
12.38095238095238
10.735930735930735
10.735930735930735
10.865800865800866
13.722943722943722
12.683982683982684
14.155844155844155
10.735930735930735
11.34199134199134
13.506493506493507
10.735930735930735
13.29004329004329
12.943722943722944
14.069264069264067
14.415584415584416
10.952380952380953
14.458874458874458
13.16017316017316
10.735930735930735
10.779220779220779
12.727272727272728
10.735930735930735
10.735930735930735
12.467532467532466
10.735930735930735
20.0
10.735930735930735
10.735930735930735
10.735930735930735
13.203463203463203
13.982683982683984
10.735930735930735
13.549783549783548
10.822510822510823
13.549783549783548
14.935064935064934
16.623376623376622
10.735930735930735
10.735930735930735
10.735930735930735
10.735930735930735
13.896103896103895
13.549783549783548
12.900432900432902
10.735930735930735
10.735930735930735
10.952380952380953
13.766233766233766
10.735930735930735
10.735930735930735
10.735930735930735
0.0
0.0
10.735930735930735
9.177489177489178
11.038961038961038
10.692640692640692
10.779220779220779
0.0
0.8225108225108225
10.735930735930735
10.735930735930735
10.735930735930735
10.735930735930735
13.636363636363635
10.735930735930735
10.735930735930735
14.978354978354979
13.29004329004329
6.96969696969697
0.0
10.735930735930735
17.4025974025974
10.735930735930735
15.324675324675322
15.800865800865799
0.0
0.8658008658008657
10.735930735930735
14.025974025974024
13.246753246753245
10.735930735930735
10.735930735930735
11.038961038961038
10.692640692640692
5.541125541125541
16.233766233766232
10.735930735930735
15.15151515151515
15.281385281385278
13.636363636363635
10.735930735930735
0.0
3.8528138528138527
11.515151515151514
1.2121212121212122
0.0
10.909090909090908
10.735930735930735
14.242424242424242
11.212121212121211
10.735930735930735
0.0
10.735930735930735
1.6017316017316017
10.735930735930735
7.878787878787879
10.735930735930735
10.735930735930735
10.735930735930735
4.458874458874459
10.735930735930735
14.58874458874459
10.735930735930735
10.12987012987013
16.147186147186147
10.822510822510823
10.735930735930735
0.0
10.952380952380953
11.34199134199134
10.735930735930735
2.121212121212121
10.735930735930735
1.8614718614718613
3.1168831168831166
0.0
13.116883116883116
10.735930735930735
10.735930735930735
14.848484848484848
0.43290043290043284
14.935064935064934
0.0
10.735930735930735
10.735930735930735
10.692640692640692
9.047619047619047
5.021645021645022
10.735930735930735
8.398268398268398
0.0
10.735930735930735
16.536796536796537
0.0
10.735930735930735
10.735930735930735
11.818181818181817
10.735930735930735
11.904761904761905
10.735930735930735
20.0
14.848484848484848
15.324675324675322
11.168831168831167
12.554112554112553
10.822510822510823
10.735930735930735
14.545454545454543
11.212121212121211
10.735930735930735
0.6060606060606061
10.735930735930735
12.987012987012987
17.142857142857142
13.852813852813851
10.735930735930735
13.982683982683984
10.735930735930735
10.735930735930735
15.541125541125542
10.735930735930735
11.385281385281385
10.735930735930735
13.982683982683984
10.735930735930735
10.779220779220779
10.779220779220779
13.29004329004329
14.675324675324674
10.735930735930735
10.735930735930735
13.896103896103895
14.502164502164502
10.779220779220779
10.735930735930735
10.735930735930735
16.060606060606062
10.735930735930735
11.385281385281385
12.727272727272728
13.246753246753245
12.943722943722944
10.735930735930735
10.735930735930735
10.822510822510823
11.34199134199134
11.168831168831167
10.952380952380953
15.324675324675322
12.424242424242424
10.822510822510823
10.735930735930735
10.735930735930735
17.142857142857142
10.735930735930735
20.0
11.038961038961038
10.735930735930735
10.735930735930735
15.887445887445885
14.155844155844155
13.419913419913419
10.735930735930735
10.735930735930735
0.0
10.822510822510823
10.735930735930735
10.692640692640692
13.766233766233766
10.735930735930735
10.735930735930735
14.458874458874458
10.735930735930735
10.735930735930735
13.982683982683984
10.735930735930735
10.822510822510823
11.818181818181817
13.116883116883116
13.593073593073592
0.0
10.735930735930735
11.125541125541124
16.753246753246753
10.735930735930735
10.735930735930735
13.593073593073592
0.0
10.735930735930735
10.735930735930735
14.069264069264067
10.735930735930735
13.203463203463203
14.848484848484848
16.623376623376622
10.779220779220779
12.554112554112553
11.082251082251082
10.735930735930735
14.502164502164502
10.735930735930735
10.735930735930735
12.424242424242424
13.376623376623376
11.645021645021645
10.822510822510823
12.51082251082251
10.865800865800866
10.735930735930735
13.116883116883116
12.51082251082251
11.948051948051948
12.813852813852813
13.203463203463203
17.792207792207794
11.385281385281385
10.822510822510823
10.735930735930735
13.030303030303031
14.112554112554111
14.415584415584416
11.255411255411255
10.692640692640692
10.909090909090908
10.735930735930735
10.909090909090908
14.545454545454543
12.943722943722944
10.865800865800866
13.246753246753245
17.229437229437227
10.779220779220779
11.385281385281385
16.45021645021645
11.86147186147186
2.3376623376623376
13.896103896103895
10.735930735930735
15.584415584415586
10.735930735930735
10.822510822510823
12.900432900432902
10.952380952380953
15.064935064935066
11.168831168831167
16.45021645021645
15.974025974025974
10.735930735930735
14.372294372294371
13.16017316017316
12.813852813852813
10.735930735930735
0.0
10.735930735930735
11.255411255411255
12.77056277056277
13.116883116883116
12.64069264069264
15.454545454545453
15.497835497835498
10.735930735930735
10.735930735930735
10.735930735930735
14.242424242424242
14.025974025974024
0.0
10.735930735930735
14.935064935064934
10.995670995670997
10.735930735930735
13.073593073593072
10.735930735930735
10.735930735930735
10.735930735930735
10.735930735930735
10.735930735930735
10.735930735930735
10.735930735930735
10.692640692640692
10.822510822510823
10.735930735930735
13.852813852813851
14.761904761904763
13.722943722943722
15.324675324675322
10.735930735930735
11.038961038961038
10.735930735930735
11.34199134199134
10.735930735930735
13.593073593073592
13.203463203463203
10.735930735930735
13.549783549783548
11.818181818181817
10.909090909090908
13.29004329004329
10.909090909090908
11.471861471861473
12.467532467532466
15.844155844155845
12.727272727272728
11.558441558441558
12.683982683982684
13.93939393939394
10.952380952380953
12.207792207792208
11.774891774891776
13.549783549783548
12.38095238095238
12.857142857142858
10.735930735930735
12.64069264069264
14.285714285714286
12.900432900432902
10.735930735930735
11.082251082251082
13.852813852813851
13.246753246753245
10.779220779220779
13.549783549783548
14.025974025974024
19.61038961038961
10.865800865800866
13.333333333333334
10.735930735930735
12.77056277056277
10.735930735930735
13.852813852813851
13.852813852813851
12.683982683982684
10.735930735930735
15.324675324675322
14.805194805194803
10.952380952380953
12.77056277056277
13.073593073593072
12.51082251082251
13.722943722943722
10.735930735930735
13.982683982683984
10.735930735930735
15.238095238095237
10.735930735930735
12.727272727272728
10.735930735930735
13.593073593073592
10.735930735930735
16.19047619047619
13.766233766233766
13.549783549783548
10.735930735930735
14.155844155844155
13.29004329004329
14.025974025974024
13.549783549783548
12.337662337662337
12.034632034632034
14.1991341991342
10.735930735930735
17.532467532467532
10.735930735930735
10.735930735930735
10.735930735930735
14.502164502164502
12.943722943722944
10.735930735930735
15.93073593073593
12.64069264069264
10.822510822510823
11.645021645021645
11.471861471861473
14.805194805194803
13.16017316017316
10.779220779220779
10.779220779220779
10.735930735930735
16.406926406926406
11.86147186147186
13.116883116883116
14.155844155844155
13.073593073593072
11.168831168831167
15.15151515151515
10.865800865800866
12.77056277056277
14.242424242424242
10.735930735930735
10.735930735930735
16.493506493506494
15.238095238095237
11.082251082251082
16.1038961038961
10.735930735930735
11.212121212121211
10.735930735930735
10.735930735930735
15.238095238095237
10.995670995670997
12.337662337662337
10.735930735930735
11.082251082251082
10.779220779220779
10.735930735930735
12.813852813852813
14.502164502164502
15.757575757575758
20.0
15.41125541125541
10.735930735930735
11.731601731601732
14.805194805194803
12.683982683982684
10.735930735930735
14.458874458874458
19.783549783549788
11.298701298701298
10.735930735930735
14.372294372294371
10.735930735930735
10.735930735930735
10.735930735930735
10.735930735930735
10.735930735930735
13.809523809523808
10.692640692640692
13.722943722943722
10.692640692640692
16.753246753246753
11.471861471861473
10.692640692640692
10.735930735930735
0.0
11.212121212121211
10.735930735930735
11.168831168831167
6.363636363636364
13.809523809523808
14.112554112554111
14.1991341991342
0.5194805194805194
10.735930735930735
10.735930735930735
10.735930735930735
10.692640692640692
10.822510822510823
10.735930735930735
14.285714285714286
10.735930735930735
13.549783549783548
13.116883116883116
11.082251082251082
12.943722943722944
14.935064935064934
16.363636363636363
10.822510822510823
10.735930735930735
10.909090909090908
11.212121212121211
10.735930735930735
10.735930735930735
11.168831168831167
19.87012987012987
17.48917748917749
19.480519480519476
10.735930735930735
10.735930735930735
17.835497835497836
0.0
10.735930735930735
10.735930735930735
3.636363636363636
10.735930735930735
10.735930735930735
10.735930735930735
4.415584415584415
9.307359307359306
14.502164502164502
11.298701298701298
10.0
14.632034632034632
10.735930735930735
0.0
10.952380952380953
10.735930735930735
14.89177489177489
10.779220779220779
12.943722943722944
14.112554112554111
13.463203463203463
10.735930735930735
10.735930735930735
12.38095238095238
13.593073593073592
11.385281385281385
12.554112554112553
11.385281385281385
17.0995670995671
11.645021645021645
12.77056277056277
11.99134199134199
10.822510822510823
12.597402597402596
12.38095238095238
12.467532467532466
11.99134199134199
10.735930735930735
13.16017316017316
12.64069264069264
10.735930735930735
17.056277056277054
14.848484848484848
14.242424242424242
12.64069264069264
10.735930735930735
12.987012987012987
12.727272727272728
10.735930735930735
10.735930735930735
10.735930735930735
13.93939393939394
13.982683982683984
12.294372294372293
14.458874458874458
12.813852813852813
13.419913419913419
11.168831168831167
14.025974025974024
10.735930735930735
13.463203463203463
14.1991341991342
11.038961038961038
15.064935064935066
10.735930735930735
12.294372294372293
10.952380952380953
10.952380952380953
13.203463203463203
12.337662337662337
10.735930735930735
10.735930735930735
10.735930735930735
20.0
11.212121212121211
10.735930735930735
14.632034632034632
10.735930735930735
15.41125541125541
12.64069264069264
18.528138528138523
14.458874458874458
14.805194805194803
13.333333333333334
16.58008658008658
10.735930735930735
10.735930735930735
15.67099567099567
10.735930735930735
10.735930735930735
10.735930735930735
11.038961038961038
10.692640692640692
10.735930735930735
16.70995670995671
10.735930735930735
11.601731601731602
9.696969696969697
11.515151515151514
10.692640692640692
10.735930735930735
14.675324675324674
14.805194805194803
11.168831168831167
14.805194805194803
10.822510822510823
11.255411255411255
13.419913419913419
13.549783549783548
13.982683982683984
13.982683982683984
10.735930735930735
14.89177489177489
13.722943722943722
10.735930735930735
16.27705627705628
10.735930735930735
14.935064935064934
10.822510822510823
15.41125541125541
13.67965367965368
10.779220779220779
13.852813852813851
13.333333333333334
10.692640692640692
19.004329004329005
17.4025974025974
0.5627705627705628
13.593073593073592
12.857142857142858
10.735930735930735
11.212121212121211
10.735930735930735
20.0
13.333333333333334
11.125541125541124
10.735930735930735
11.082251082251082
13.246753246753245
15.67099567099567
10.735930735930735
12.294372294372293
0.0
10.995670995670997
10.822510822510823
13.376623376623376
15.324675324675322
15.324675324675322
10.735930735930735
14.458874458874458
10.735930735930735
10.909090909090908
11.082251082251082
10.952380952380953
14.545454545454543
12.034632034632034
13.896103896103895
11.082251082251082
15.714285714285714
14.285714285714286
13.29004329004329
10.735930735930735
12.683982683982684
13.809523809523808
11.471861471861473
14.372294372294371
13.93939393939394
11.558441558441558
10.735930735930735
13.030303030303031
10.822510822510823
10.735930735930735
16.363636363636363
12.424242424242424
10.735930735930735
10.909090909090908
10.735930735930735
13.333333333333334
10.735930735930735
15.887445887445885
16.753246753246753
15.324675324675322
13.722943722943722
12.251082251082252
10.735930735930735
14.848484848484848
12.77056277056277
10.735930735930735
13.16017316017316
14.502164502164502
10.909090909090908
14.761904761904763
10.865800865800866
10.735930735930735
12.554112554112553
11.168831168831167
20.0
10.735930735930735
15.497835497835498
10.822510822510823
10.735930735930735
11.818181818181817
19.783549783549788
18.658008658008658
15.10822510822511
14.675324675324674
10.735930735930735
10.735930735930735
10.735930735930735
15.541125541125542
14.718614718614718
12.207792207792208
12.77056277056277
12.597402597402596
10.735930735930735
10.735930735930735
10.735930735930735
10.735930735930735
10.735930735930735
13.419913419913419
14.155844155844155
10.735930735930735
13.116883116883116
13.246753246753245
15.844155844155845
12.987012987012987
12.813852813852813
12.424242424242424
14.372294372294371
10.735930735930735
14.372294372294371
10.735930735930735
13.593073593073592
16.233766233766232
15.238095238095237
10.995670995670997
10.735930735930735
11.471861471861473
13.116883116883116
12.207792207792208
13.333333333333334
11.818181818181817
11.168831168831167
12.51082251082251
11.038961038961038
11.168831168831167
15.021645021645021
12.597402597402596
14.502164502164502
10.822510822510823
14.112554112554111
10.735930735930735
12.987012987012987
10.735930735930735
13.506493506493507
10.735930735930735
10.735930735930735
10.735930735930735
13.722943722943722
13.203463203463203
14.718614718614718
14.025974025974024
10.735930735930735
13.722943722943722
13.419913419913419
10.735930735930735
11.082251082251082
10.735930735930735
12.38095238095238
14.761904761904763
16.233766233766232
15.974025974025974
10.735930735930735
10.735930735930735
11.038961038961038
16.19047619047619
12.467532467532466
10.735930735930735
10.865800865800866
11.168831168831167
10.735930735930735
14.285714285714286
11.082251082251082
13.506493506493507
10.735930735930735
15.627705627705627
14.458874458874458
17.01298701298701
10.909090909090908
16.96969696969697
10.909090909090908
10.909090909090908
11.904761904761905
16.83982683982684
14.58874458874459
14.58874458874459
11.471861471861473
18.311688311688307
17.792207792207794
11.515151515151514
12.857142857142858
10.735930735930735
10.735930735930735
12.900432900432902
10.822510822510823
15.194805194805195
12.51082251082251
12.683982683982684
10.735930735930735
13.203463203463203
10.735930735930735
12.424242424242424
11.168831168831167
13.852813852813851
12.294372294372293
15.757575757575758
10.735930735930735
15.324675324675322
13.722943722943722
12.554112554112553
13.419913419913419
11.99134199134199
13.16017316017316
10.735930735930735
13.722943722943722
13.333333333333334
13.376623376623376
14.242424242424242
12.900432900432902
11.168831168831167
10.735930735930735
17.445887445887443
16.233766233766232
10.952380952380953
15.41125541125541
12.64069264069264
10.735930735930735
10.865800865800866
14.675324675324674
19.826839826839823
14.025974025974024
13.593073593073592
15.454545454545453
16.233766233766232
13.896103896103895
13.549783549783548
10.735930735930735
14.848484848484848
10.735930735930735
14.112554112554111
13.636363636363635
11.385281385281385
13.116883116883116
14.372294372294371
13.203463203463203
15.887445887445885
13.203463203463203
13.29004329004329
10.779220779220779
19.264069264069263
12.294372294372293
14.112554112554111
12.467532467532466
16.88311688311688
10.822510822510823
10.779220779220779
14.675324675324674
10.822510822510823
11.168831168831167
14.718614718614718
10.735930735930735
10.735930735930735
12.683982683982684
13.203463203463203
10.735930735930735
12.900432900432902
10.995670995670997
13.506493506493507
10.735930735930735
10.735930735930735
11.168831168831167
15.93073593073593
12.164502164502164
10.822510822510823
10.735930735930735
14.978354978354979
10.735930735930735
13.419913419913419
11.774891774891776
13.93939393939394
10.865800865800866
10.735930735930735
13.29004329004329
13.116883116883116
15.714285714285714
15.238095238095237
10.865800865800866
10.735930735930735
14.155844155844155
13.593073593073592
10.735930735930735
11.558441558441558
14.89177489177489
13.809523809523808
10.735930735930735
10.735930735930735
13.766233766233766
14.935064935064934
13.766233766233766
10.735930735930735
10.735930735930735
11.471861471861473
10.735930735930735
11.212121212121211
15.021645021645021
13.506493506493507
10.735930735930735
15.324675324675322
16.536796536796537
20.0
10.735930735930735
20.0
14.285714285714286
14.761904761904763
14.155844155844155
13.67965367965368
10.865800865800866
18.311688311688307
10.779220779220779
13.116883116883116
13.809523809523808
10.822510822510823
13.722943722943722
10.735930735930735
10.735930735930735
16.493506493506494
15.67099567099567
15.844155844155845
10.735930735930735
11.125541125541124
11.515151515151514
11.038961038961038
10.779220779220779
10.735930735930735
10.735930735930735
12.034632034632034
14.025974025974024
12.900432900432902
10.735930735930735
10.822510822510823
7.792207792207793
11.99134199134199
10.735930735930735
10.735930735930735
10.779220779220779
11.298701298701298
10.865800865800866
13.463203463203463
11.168831168831167
12.987012987012987
10.735930735930735
10.735930735930735
10.735930735930735
18.051948051948052
14.329004329004327
14.502164502164502
17.4025974025974
12.467532467532466
11.601731601731602
10.735930735930735
12.683982683982684
10.735930735930735
0.0
12.337662337662337
12.77056277056277
0.0
13.636363636363635
16.1038961038961
10.865800865800866
10.735930735930735
10.952380952380953
14.285714285714286
10.735930735930735
18.658008658008658
13.419913419913419
10.735930735930735
13.463203463203463
0.0
10.735930735930735
10.735930735930735
10.735930735930735
10.735930735930735
10.735930735930735
10.735930735930735
10.822510822510823
17.35930735930736
10.735930735930735
10.735930735930735
10.735930735930735
19.350649350649352
1.9913419913419912
10.735930735930735
2.4242424242424243
0.0
0.3896103896103896
0.0
0.0
10.692640692640692
10.735930735930735
10.735930735930735
2.4242424242424243
0.3896103896103896
0.0
10.735930735930735
1.5584415584415583
0.0
2.727272727272727
0.0
10.692640692640692
5.454545454545454
10.692640692640692
7.792207792207793
3.29004329004329
3.376623376623377
3.3333333333333335
0.0
1.082251082251082
0.0
13.463203463203463
0.0
10.735930735930735
0.0
5.194805194805195
1.1688311688311688
10.735930735930735
10.735930735930735
10.735930735930735
10.692640692640692
10.12987012987013
10.822510822510823
2.6839826839826837
1.1688311688311688
0.0
10.735930735930735
10.735930735930735
3.29004329004329
10.735930735930735
10.735930735930735
7.056277056277056
10.735930735930735
0.0
10.735930735930735
10.735930735930735
10.735930735930735
1.6883116883116884
10.735930735930735
10.692640692640692
0.0
5.411255411255412
0.0
5.800865800865801
1.645021645021645
10.735930735930735
10.692640692640692
0.0
10.735930735930735
4.675324675324675
10.735930735930735
10.692640692640692
0.0
11.125541125541124
18.095238095238095
6.363636363636364
4.675324675324675
10.952380952380953
0.0
1.8614718614718613
0.0
10.735930735930735
0.0
4.372294372294372
0.0
10.692640692640692
0.0
13.722943722943722
10.865800865800866
0.0
0.0
3.2467532467532467
10.735930735930735
0.0
10.735930735930735
2.9004329004329006
0.0
10.735930735930735
13.722943722943722
13.463203463203463
10.735930735930735
11.904761904761905
12.813852813852813
10.779220779220779
13.593073593073592
13.852813852813851
4.7186147186147185
18.354978354978357
10.735930735930735
13.549783549783548
13.376623376623376
10.735930735930735
10.735930735930735
10.735930735930735
15.844155844155845
15.454545454545453
12.251082251082252
14.978354978354979
12.077922077922079
16.27705627705628
15.367965367965366
13.463203463203463
15.021645021645021
15.757575757575758
16.147186147186147
10.779220779220779
10.995670995670997
13.93939393939394
11.168831168831167
12.727272727272728
20.0
11.385281385281385
11.558441558441558
10.822510822510823
13.549783549783548
10.735930735930735
13.16017316017316
10.995670995670997
13.29004329004329
14.329004329004327
15.584415584415586
17.92207792207792
12.857142857142858
17.835497835497836
12.251082251082252
15.541125541125542
14.1991341991342
12.813852813852813
11.125541125541124
10.865800865800866
12.597402597402596
10.735930735930735
10.735930735930735
2.2077922077922074
12.294372294372293
14.242424242424242
13.376623376623376
10.735930735930735
10.735930735930735
12.900432900432902
16.27705627705628
10.735930735930735
13.982683982683984
13.67965367965368
10.735930735930735
16.406926406926406
14.372294372294371
11.948051948051948
10.735930735930735
10.735930735930735
14.1991341991342
14.718614718614718
10.735930735930735
13.67965367965368
10.735930735930735
10.735930735930735
10.735930735930735
10.735930735930735
10.735930735930735
10.735930735930735
15.844155844155845
10.735930735930735
10.995670995670997
15.67099567099567
18.96103896103896
10.735930735930735
11.558441558441558
16.017316017316016
16.233766233766232
12.813852813852813
11.471861471861473
10.735930735930735
12.51082251082251
12.727272727272728
12.294372294372293
10.735930735930735
13.506493506493507
10.735930735930735
13.593073593073592
13.29004329004329
10.735930735930735
10.735930735930735
13.93939393939394
12.900432900432902
13.636363636363635
13.29004329004329
15.714285714285714
12.034632034632034
10.952380952380953
11.86147186147186
13.116883116883116
12.034632034632034
12.683982683982684
12.077922077922079
14.242424242424242
16.796536796536795
20.0
15.800865800865799
10.735930735930735
10.735930735930735
10.735930735930735
13.16017316017316
12.683982683982684
14.285714285714286
13.593073593073592
15.974025974025974
17.445887445887443
13.116883116883116
16.27705627705628
13.463203463203463
15.10822510822511
15.367965367965366
10.735930735930735
10.952380952380953
10.735930735930735
14.025974025974024
11.948051948051948
15.15151515151515
17.87878787878788
12.813852813852813
14.632034632034632
20.0
18.96103896103896
10.735930735930735
10.735930735930735
10.735930735930735
11.082251082251082
10.865800865800866
11.212121212121211
13.982683982683984
10.735930735930735
12.554112554112553
15.238095238095237
10.735930735930735
13.896103896103895
15.367965367965366
13.030303030303031
12.424242424242424
10.735930735930735
10.735930735930735
10.735930735930735
10.735930735930735
11.125541125541124
12.77056277056277
10.735930735930735
10.735930735930735
13.593073593073592
12.813852813852813
16.45021645021645
11.471861471861473
10.779220779220779
16.1038961038961
10.735930735930735
10.995670995670997
13.852813852813851
15.064935064935066
18.484848484848484
10.735930735930735
10.735930735930735
10.735930735930735
17.92207792207792
10.735930735930735
16.19047619047619
13.030303030303031
14.718614718614718
10.735930735930735
10.735930735930735
10.735930735930735
10.995670995670997
13.29004329004329
12.424242424242424
13.376623376623376
12.424242424242424
14.58874458874459
12.467532467532466
6.103896103896104
10.735930735930735
14.372294372294371
10.909090909090908
16.623376623376622
12.424242424242424
10.865800865800866
13.246753246753245
13.116883116883116
13.506493506493507
12.034632034632034
13.809523809523808
10.735930735930735
13.203463203463203
12.987012987012987
12.857142857142858
13.073593073593072
12.554112554112553
13.636363636363635
14.848484848484848
11.99134199134199
10.995670995670997
14.545454545454543
13.636363636363635
15.10822510822511
15.454545454545453
10.735930735930735
14.935064935064934
11.99134199134199
13.766233766233766
13.809523809523808
10.735930735930735
14.329004329004327
10.735930735930735
20.0
14.415584415584416
12.813852813852813
14.545454545454543
12.38095238095238
10.735930735930735
16.796536796536795
12.467532467532466
13.549783549783548
12.943722943722944
10.865800865800866
10.735930735930735
14.545454545454543
10.952380952380953
10.779220779220779
12.554112554112553
10.995670995670997
10.735930735930735
13.333333333333334
10.735930735930735
12.77056277056277
10.735930735930735
13.982683982683984
18.354978354978357
16.1038961038961
10.735930735930735
13.766233766233766
11.645021645021645
13.852813852813851
12.337662337662337
10.735930735930735
14.415584415584416
15.281385281385278
10.779220779220779
10.735930735930735
13.809523809523808
10.735930735930735
10.735930735930735
20.0
10.735930735930735
10.735930735930735
11.255411255411255
12.424242424242424
10.735930735930735
14.718614718614718
10.735930735930735
10.735930735930735
10.735930735930735
14.329004329004327
16.83982683982684
17.316017316017312
16.753246753246753
15.238095238095237
15.454545454545453
10.735930735930735
10.735930735930735
10.952380952380953
10.735930735930735
17.229437229437227
11.99134199134199
12.337662337662337
13.506493506493507
14.458874458874458
10.735930735930735
11.125541125541124
10.735930735930735
10.735930735930735
10.735930735930735
15.064935064935066
10.735930735930735
17.792207792207794
12.727272727272728
10.735930735930735
13.593073593073592
13.203463203463203
10.735930735930735
11.038961038961038
12.813852813852813
13.333333333333334
12.943722943722944
12.900432900432902
10.735930735930735
11.212121212121211
10.735930735930735
10.735930735930735
10.735930735930735
10.735930735930735
16.88311688311688
13.809523809523808
10.909090909090908
10.735930735930735
10.735930735930735
10.735930735930735
13.549783549783548
14.58874458874459
13.722943722943722
10.822510822510823
14.112554112554111
10.735930735930735
10.735930735930735
10.735930735930735
10.735930735930735
10.909090909090908
13.93939393939394
10.735930735930735
16.83982683982684
10.735930735930735
10.735930735930735
17.272727272727273
10.735930735930735
15.367965367965366
14.89177489177489
10.735930735930735
15.541125541125542
10.865800865800866
11.515151515151514
14.718614718614718
12.987012987012987
10.735930735930735
16.147186147186147
10.735930735930735
11.34199134199134
11.125541125541124
13.809523809523808
10.952380952380953
10.735930735930735
10.735930735930735
10.735930735930735
12.294372294372293
5.021645021645022
11.168831168831167
11.558441558441558
13.766233766233766
14.58874458874459
13.246753246753245
12.727272727272728
10.692640692640692
14.025974025974024
10.735930735930735
10.865800865800866
10.735930735930735
11.385281385281385
10.779220779220779
10.735930735930735
13.246753246753245
13.722943722943722
11.082251082251082
10.735930735930735
13.852813852813851
12.727272727272728
13.93939393939394
15.454545454545453
13.766233766233766
10.735930735930735
13.073593073593072
13.506493506493507
13.67965367965368
13.419913419913419
13.93939393939394
10.822510822510823
13.896103896103895
14.415584415584416
10.735930735930735
10.735930735930735
10.735930735930735
13.16017316017316
10.735930735930735
14.761904761904763
10.735930735930735
16.406926406926406
15.324675324675322
15.800865800865799
10.735930735930735
10.779220779220779
10.735930735930735
14.935064935064934
10.735930735930735
10.735930735930735
13.419913419913419
10.735930735930735
10.735930735930735
10.735930735930735
10.735930735930735
10.822510822510823
15.497835497835498
15.367965367965366
10.822510822510823
16.147186147186147
18.83116883116883
10.735930735930735
12.597402597402596
15.324675324675322
15.541125541125542
18.398268398268396
11.125541125541124
15.541125541125542
10.909090909090908
12.597402597402596
20.0
12.51082251082251
10.735930735930735
10.735930735930735
14.112554112554111
13.593073593073592
18.00865800865801
10.822510822510823
10.735930735930735
10.735930735930735
6.363636363636364
10.865800865800866
11.774891774891776
10.735930735930735
11.558441558441558
12.51082251082251
13.16017316017316
17.87878787878788
1.7316017316017314
10.735930735930735
10.995670995670997
10.735930735930735
14.675324675324674
12.813852813852813
13.766233766233766
18.00865800865801
20.0
13.896103896103895
10.735930735930735
11.038961038961038
16.45021645021645
17.4025974025974
12.64069264069264
13.896103896103895
10.735930735930735
15.93073593073593
16.363636363636363
10.735930735930735
10.735930735930735
14.242424242424242
11.558441558441558
10.735930735930735
16.017316017316016
10.735930735930735
13.29004329004329
10.692640692640692
10.952380952380953
10.735930735930735
13.333333333333334
10.735930735930735
10.909090909090908
10.822510822510823
10.735930735930735
11.428571428571429
10.735930735930735
10.735930735930735
13.246753246753245
14.805194805194803
12.121212121212121
11.601731601731602
11.255411255411255
14.112554112554111
16.493506493506494
2.2510822510822512
15.281385281385278
10.692640692640692
15.541125541125542
10.735930735930735
12.683982683982684
10.735930735930735
18.311688311688307
17.272727272727273
12.64069264069264
12.251082251082252
13.030303030303031
11.212121212121211
10.735930735930735
10.822510822510823
10.735930735930735
11.038961038961038
13.506493506493507
14.718614718614718
13.67965367965368
10.779220779220779
15.497835497835498
12.64069264069264
14.718614718614718
10.735930735930735
11.688311688311689
19.567099567099564
13.29004329004329
13.722943722943722
10.735930735930735
10.735930735930735
14.069264069264067
16.796536796536795
14.285714285714286
10.735930735930735
10.735930735930735
13.982683982683984
10.735930735930735
10.952380952380953
17.965367965367964
14.285714285714286
11.601731601731602
10.735930735930735
10.735930735930735
15.064935064935066
15.324675324675322
14.285714285714286
13.116883116883116
15.194805194805195
12.64069264069264
14.978354978354979
14.718614718614718
13.376623376623376
10.735930735930735
14.025974025974024
15.800865800865799
11.125541125541124
13.896103896103895
15.064935064935066
16.19047619047619
10.735930735930735
10.779220779220779
12.77056277056277
14.415584415584416
14.805194805194803
10.735930735930735
10.735930735930735
14.58874458874459
10.779220779220779
10.735930735930735
13.246753246753245
10.735930735930735
11.038961038961038
11.168831168831167
10.735930735930735
15.757575757575758
10.735930735930735
10.865800865800866
13.67965367965368
10.735930735930735
13.333333333333334
19.826839826839823
15.454545454545453
14.372294372294371
11.948051948051948
3.6796536796536796
16.017316017316016
10.735930735930735
18.181818181818183
12.900432900432902
10.735930735930735
10.735930735930735
15.757575757575758
10.735930735930735
10.735930735930735
13.896103896103895
13.463203463203463
15.541125541125542
12.121212121212121
17.575757575757574
10.779220779220779
10.909090909090908
14.242424242424242
15.021645021645021
12.077922077922079
13.463203463203463
15.584415584415586
18.441558441558442
14.935064935064934
10.735930735930735
13.116883116883116
12.683982683982684
10.779220779220779
16.70995670995671
13.593073593073592
10.735930735930735
13.722943722943722
13.030303030303031
18.96103896103896
10.735930735930735
12.51082251082251
12.900432900432902
12.943722943722944
15.454545454545453
10.735930735930735
11.038961038961038
16.060606060606062
16.536796536796537
14.458874458874458
13.93939393939394
10.779220779220779
10.735930735930735
12.813852813852813
14.112554112554111
15.757575757575758
13.29004329004329
13.809523809523808
10.735930735930735
10.735930735930735
14.242424242424242
10.735930735930735
10.735930735930735
10.909090909090908
15.887445887445885
10.822510822510823
14.285714285714286
11.34199134199134
11.99134199134199
11.774891774891776
10.735930735930735
11.34199134199134
14.415584415584416
10.735930735930735
10.735930735930735
14.155844155844155
10.779220779220779
10.735930735930735
15.541125541125542
12.467532467532466
10.735930735930735
13.203463203463203
20.0
11.428571428571429
10.735930735930735
10.735930735930735
16.666666666666664
15.064935064935066
14.805194805194803
12.554112554112553
13.766233766233766
10.822510822510823
15.67099567099567
14.329004329004327
10.779220779220779
18.528138528138523
11.168831168831167
16.623376623376622
16.060606060606062
10.735930735930735
10.735930735930735
17.748917748917748
14.285714285714286
10.735930735930735
11.038961038961038
13.419913419913419
11.038961038961038
10.735930735930735
11.125541125541124
11.212121212121211
10.735930735930735
13.116883116883116
12.077922077922079
10.735930735930735
13.636363636363635
12.597402597402596
15.93073593073593
14.458874458874458
10.735930735930735
15.064935064935066
15.238095238095237
16.753246753246753
10.822510822510823
12.467532467532466
10.735930735930735
10.735930735930735
10.779220779220779
12.424242424242424
14.978354978354979
11.904761904761905
12.51082251082251
11.774891774891776
11.645021645021645
12.467532467532466
10.822510822510823
10.735930735930735
10.735930735930735
10.822510822510823
19.61038961038961
10.735930735930735
10.735930735930735
10.909090909090908
11.038961038961038
10.735930735930735
12.64069264069264
15.887445887445885
12.121212121212121
10.735930735930735
10.779220779220779
10.735930735930735
12.683982683982684
10.735930735930735
12.207792207792208
13.896103896103895
17.92207792207792
14.58874458874459
10.735930735930735
13.116883116883116
15.454545454545453
13.67965367965368
10.865800865800866
11.298701298701298
12.683982683982684
13.116883116883116
10.952380952380953
10.735930735930735
10.909090909090908
10.735930735930735
10.735930735930735
14.978354978354979
10.692640692640692
16.147186147186147
13.766233766233766
13.333333333333334
10.735930735930735
10.735930735930735
11.688311688311689
14.242424242424242
10.735930735930735
10.779220779220779
10.952380952380953
10.735930735930735
10.735930735930735
17.186147186147185
10.735930735930735
10.735930735930735
12.034632034632034
11.298701298701298
13.246753246753245
10.779220779220779
15.800865800865799
12.164502164502164
10.735930735930735
10.735930735930735
10.735930735930735
10.735930735930735
10.735930735930735
13.722943722943722
11.168831168831167
12.727272727272728
12.121212121212121
12.727272727272728
18.441558441558442
10.735930735930735
10.735930735930735
12.077922077922079
17.48917748917749
12.337662337662337
12.467532467532466
13.506493506493507
15.800865800865799
10.822510822510823
10.735930735930735
14.242424242424242
13.333333333333334
15.974025974025974
20.0
10.735930735930735
13.419913419913419
15.497835497835498
15.454545454545453
10.735930735930735
10.735930735930735
10.735930735930735
12.424242424242424
12.77056277056277
10.735930735930735
10.735930735930735
11.948051948051948
17.965367965367964
10.779220779220779
10.779220779220779
16.233766233766232
10.735930735930735
13.463203463203463
13.073593073593072
13.982683982683984
14.069264069264067
13.419913419913419
10.735930735930735
10.779220779220779
12.554112554112553
13.29004329004329
10.735930735930735
10.822510822510823
10.735930735930735
10.779220779220779
10.735930735930735
13.766233766233766
14.761904761904763
15.887445887445885
12.987012987012987
14.025974025974024
12.77056277056277
14.069264069264067
16.363636363636363
13.073593073593072
13.549783549783548
13.463203463203463
14.372294372294371
11.558441558441558
10.735930735930735
11.645021645021645
13.982683982683984
13.333333333333334
10.822510822510823
16.017316017316016
10.735930735930735
12.727272727272728
10.735930735930735
16.017316017316016
13.93939393939394
11.731601731601732
16.96969696969697
12.597402597402596
16.58008658008658
14.329004329004327
10.909090909090908
10.735930735930735
11.688311688311689
10.779220779220779
14.1991341991342
10.779220779220779
15.627705627705627
13.463203463203463
15.67099567099567
10.779220779220779
14.89177489177489
10.822510822510823
12.727272727272728
10.865800865800866
10.735930735930735
17.056277056277054
15.974025974025974
11.038961038961038
15.93073593073593
13.246753246753245
10.735930735930735
15.627705627705627
12.51082251082251
11.34199134199134
10.735930735930735
11.125541125541124
13.246753246753245
13.506493506493507
12.857142857142858
10.735930735930735
14.502164502164502
10.692640692640692
10.735930735930735
18.051948051948052
10.865800865800866
10.692640692640692
20.0
12.554112554112553
10.735930735930735
10.735930735930735
15.974025974025974
13.333333333333334
12.77056277056277
13.506493506493507
12.987012987012987
12.597402597402596
12.727272727272728
10.735930735930735
10.735930735930735
12.943722943722944
13.419913419913419
10.735930735930735
10.735930735930735
10.735930735930735
13.722943722943722
14.112554112554111
16.363636363636363
10.735930735930735
10.822510822510823
13.93939393939394
18.78787878787879
10.952380952380953
10.822510822510823
11.428571428571429
13.93939393939394
14.978354978354979
20.0
10.995670995670997
10.735930735930735
10.735930735930735
11.038961038961038
13.593073593073592
10.735930735930735
11.298701298701298
13.636363636363635
10.952380952380953
17.4025974025974
10.735930735930735
13.766233766233766
10.822510822510823
14.89177489177489
17.35930735930736
10.995670995670997
12.424242424242424
13.030303030303031
13.896103896103895
16.623376623376622
10.952380952380953
16.27705627705628
14.329004329004327
17.316017316017312
12.64069264069264
12.727272727272728
10.735930735930735
12.77056277056277
19.09090909090909
10.735930735930735
14.502164502164502
14.155844155844155
12.121212121212121
12.683982683982684
10.735930735930735
13.203463203463203
11.904761904761905
10.735930735930735
13.809523809523808
10.735930735930735
11.86147186147186
13.506493506493507
10.735930735930735
10.735930735930735
15.064935064935066
15.454545454545453
12.813852813852813
13.896103896103895
11.212121212121211
16.017316017316016
10.735930735930735
10.735930735930735
13.982683982683984
12.337662337662337
13.16017316017316
12.987012987012987
17.92207792207792
12.683982683982684
15.497835497835498
10.735930735930735
12.813852813852813
10.735930735930735
10.735930735930735
12.943722943722944
10.735930735930735
10.735930735930735
10.735930735930735
14.112554112554111
13.333333333333334
15.41125541125541
10.735930735930735
10.735930735930735
13.463203463203463
10.735930735930735
10.735930735930735
13.722943722943722
11.904761904761905
10.909090909090908
13.593073593073592
10.735930735930735
11.99134199134199
10.735930735930735
20.0
11.212121212121211
14.329004329004327
13.93939393939394
13.549783549783548
10.735930735930735
10.735930735930735
15.15151515151515
15.800865800865799
17.92207792207792
10.735930735930735
17.272727272727273
16.1038961038961
10.735930735930735
10.735930735930735
10.822510822510823
12.727272727272728
10.735930735930735
10.735930735930735
15.67099567099567
10.735930735930735
12.943722943722944
11.471861471861473
13.549783549783548
12.164502164502164
13.67965367965368
16.363636363636363
12.424242424242424
14.372294372294371
13.506493506493507
15.584415584415586
10.735930735930735
15.497835497835498
15.064935064935066
12.683982683982684
10.822510822510823
12.987012987012987
13.722943722943722
11.34199134199134
14.502164502164502
10.735930735930735
14.329004329004327
11.688311688311689
10.735930735930735
16.233766233766232
10.822510822510823
11.471861471861473
14.155844155844155
13.93939393939394
12.727272727272728
13.29004329004329
10.735930735930735
10.692640692640692
11.645021645021645
16.1038961038961
10.735930735930735
10.735930735930735
11.471861471861473
10.735930735930735
19.653679653679653
11.082251082251082
13.67965367965368
13.549783549783548
10.779220779220779
10.735930735930735
13.809523809523808
10.735930735930735
10.822510822510823
12.64069264069264
11.428571428571429
15.714285714285714
10.735930735930735
13.896103896103895
20.0
19.047619047619047
10.822510822510823
13.636363636363635
11.34199134199134
15.41125541125541
10.735930735930735
14.285714285714286
10.735930735930735
10.735930735930735
10.995670995670997
14.89177489177489
10.735930735930735
11.428571428571429
10.735930735930735
10.735930735930735
10.779220779220779
20.0
15.454545454545453
0.0
13.809523809523808
12.467532467532466
13.116883116883116
14.1991341991342
18.874458874458874
11.385281385281385
10.909090909090908
14.58874458874459
12.943722943722944
13.506493506493507
11.038961038961038
11.255411255411255
10.735930735930735
12.467532467532466
13.116883116883116
14.675324675324674
11.731601731601732
14.978354978354979
12.597402597402596
0.0
12.77056277056277
13.896103896103895
10.779220779220779
16.060606060606062
13.16017316017316
19.393939393939394
13.030303030303031
10.735930735930735
10.735930735930735
10.735930735930735
10.735930735930735
15.15151515151515
13.116883116883116
10.735930735930735
10.692640692640692
20.0
10.735930735930735
15.324675324675322
13.29004329004329
14.675324675324674
12.987012987012987
3.7229437229437226
14.1991341991342
13.030303030303031
12.683982683982684
0.0
10.735930735930735
10.735930735930735
13.549783549783548
15.064935064935066
12.51082251082251
13.333333333333334
11.731601731601732
17.35930735930736
13.246753246753245
10.779220779220779
13.463203463203463
13.766233766233766
13.16017316017316
13.896103896103895
14.761904761904763
14.458874458874458
10.865800865800866
10.735930735930735
10.865800865800866
14.069264069264067
10.735930735930735
13.203463203463203
12.51082251082251
10.735930735930735
10.735930735930735
14.069264069264067
10.909090909090908
10.735930735930735
16.19047619047619
13.636363636363635
12.164502164502164
11.038961038961038
10.735930735930735
11.515151515151514
15.800865800865799
12.597402597402596
13.93939393939394
11.125541125541124
10.735930735930735
14.58874458874459
14.155844155844155
14.632034632034632
15.021645021645021
14.1991341991342
16.060606060606062
20.0
10.779220779220779
13.16017316017316
12.51082251082251
10.735930735930735
13.549783549783548
13.766233766233766
10.735930735930735
13.073593073593072
10.735930735930735
19.826839826839823
10.735930735930735
14.155844155844155
14.1991341991342
14.848484848484848
10.735930735930735
13.116883116883116
10.995670995670997
13.636363636363635
12.554112554112553
14.372294372294371
13.116883116883116
14.329004329004327
12.683982683982684
17.748917748917748
10.822510822510823
13.982683982683984
10.735930735930735
11.471861471861473
10.735930735930735
12.987012987012987
12.554112554112553
13.246753246753245
15.367965367965366
15.800865800865799
13.93939393939394
13.29004329004329
16.27705627705628
10.735930735930735
10.909090909090908
13.722943722943722
12.64069264069264
10.735930735930735
13.896103896103895
12.77056277056277
15.67099567099567
13.073593073593072
11.428571428571429
10.735930735930735
11.168831168831167
10.735930735930735
14.329004329004327
10.735930735930735
12.64069264069264
10.865800865800866
13.93939393939394
16.753246753246753
13.376623376623376
16.32034632034632
13.333333333333334
12.294372294372293
13.636363636363635
15.10822510822511
15.497835497835498
14.329004329004327
13.376623376623376
11.428571428571429
13.073593073593072
16.493506493506494
14.025974025974024
14.718614718614718
10.865800865800866
14.89177489177489
10.822510822510823
10.735930735930735
13.93939393939394
15.15151515151515
12.294372294372293
15.281385281385278
14.285714285714286
10.735930735930735
10.735930735930735
10.909090909090908
17.272727272727273
10.735930735930735
10.952380952380953
13.506493506493507
11.125541125541124
14.069264069264067
15.064935064935066
10.909090909090908
13.549783549783548
13.246753246753245
13.246753246753245
13.030303030303031
11.082251082251082
10.735930735930735
11.298701298701298
11.298701298701298
13.073593073593072
14.112554112554111
14.978354978354979
12.51082251082251
15.064935064935066
16.493506493506494
10.822510822510823
13.376623376623376
10.735930735930735
17.4025974025974
12.857142857142858
10.735930735930735
10.735930735930735
10.735930735930735
13.16017316017316
11.558441558441558
12.683982683982684
10.735930735930735
15.887445887445885
10.735930735930735
10.735930735930735
11.168831168831167
11.34199134199134
10.735930735930735
14.1991341991342
12.77056277056277
10.735930735930735
10.735930735930735
11.515151515151514
12.77056277056277
11.125541125541124
14.285714285714286
11.082251082251082
19.134199134199136
10.735930735930735
10.735930735930735
10.779220779220779
15.974025974025974
11.471861471861473
15.541125541125542
15.238095238095237
10.735930735930735
13.67965367965368
12.597402597402596
14.848484848484848
13.333333333333334
14.58874458874459
13.506493506493507
15.974025974025974
13.16017316017316
14.761904761904763
10.735930735930735
14.329004329004327
10.735930735930735
13.722943722943722
16.060606060606062
16.753246753246753
10.735930735930735
10.735930735930735
17.66233766233766
11.038961038961038
10.735930735930735
15.974025974025974
12.857142857142858
16.88311688311688
13.29004329004329
20.0
13.419913419913419
15.10822510822511
13.116883116883116
10.735930735930735
15.15151515151515
13.116883116883116
10.822510822510823
12.164502164502164
14.675324675324674
13.116883116883116
15.10822510822511
13.29004329004329
12.121212121212121
13.549783549783548
10.735930735930735
16.233766233766232
12.727272727272728
12.943722943722944
13.593073593073592
12.554112554112553
14.112554112554111
14.069264069264067
12.294372294372293
13.29004329004329
10.735930735930735
10.735930735930735
14.329004329004327
11.99134199134199
16.536796536796537
10.909090909090908
18.614718614718612
10.735930735930735
16.753246753246753
14.1991341991342
15.021645021645021
12.727272727272728
12.034632034632034
14.329004329004327
12.900432900432902
16.70995670995671
10.822510822510823
15.67099567099567
12.554112554112553
16.666666666666664
12.121212121212121
12.51082251082251
11.255411255411255
12.683982683982684
15.324675324675322
11.428571428571429
12.554112554112553
10.735930735930735
12.337662337662337
12.857142857142858
13.809523809523808
13.29004329004329
13.246753246753245
18.00865800865801
10.735930735930735
13.506493506493507
10.735930735930735
15.800865800865799
13.896103896103895
14.761904761904763
14.285714285714286
11.168831168831167
14.1991341991342
14.155844155844155
16.19047619047619
11.212121212121211
13.463203463203463
10.822510822510823
10.735930735930735
10.735930735930735
10.735930735930735
10.735930735930735
14.242424242424242
15.281385281385278
16.45021645021645
14.458874458874458
10.735930735930735
11.082251082251082
10.735930735930735
10.735930735930735
10.735930735930735
10.865800865800866
11.86147186147186
13.246753246753245
12.77056277056277
10.735930735930735
11.601731601731602
10.735930735930735
15.064935064935066
10.735930735930735
10.735930735930735
14.58874458874459
16.27705627705628
10.735930735930735
10.735930735930735
11.212121212121211
11.428571428571429
12.554112554112553
10.779220779220779
10.735930735930735
16.926406926406926
11.082251082251082
10.735930735930735
10.735930735930735
14.069264069264067
7.359307359307359
14.675324675324674
15.064935064935066
13.766233766233766
10.735930735930735
12.683982683982684
13.29004329004329
10.735930735930735
14.025974025974024
10.779220779220779
13.246753246753245
19.350649350649352
13.419913419913419
13.809523809523808
15.844155844155845
14.155844155844155
11.428571428571429
17.792207792207794
13.16017316017316
12.64069264069264
12.38095238095238
12.294372294372293
10.779220779220779
10.822510822510823
19.350649350649352
13.636363636363635
10.735930735930735
13.203463203463203
12.554112554112553
10.735930735930735
14.458874458874458
10.909090909090908
10.735930735930735
10.822510822510823
10.735930735930735
12.597402597402596
10.995670995670997
13.549783549783548
10.735930735930735
13.29004329004329
15.41125541125541
11.86147186147186
12.294372294372293
10.735930735930735
10.735930735930735
13.376623376623376
11.948051948051948
10.735930735930735
12.251082251082252
14.502164502164502
14.545454545454543
16.83982683982684
12.294372294372293
10.822510822510823
12.683982683982684
10.735930735930735
10.735930735930735
12.424242424242424
14.415584415584416
13.030303030303031
10.735930735930735
13.073593073593072
11.471861471861473
10.735930735930735
10.779220779220779
10.735930735930735
11.34199134199134
14.025974025974024
12.38095238095238
10.735930735930735
10.735930735930735
10.952380952380953
10.735930735930735
10.735930735930735
17.66233766233766
14.761904761904763
18.398268398268396
13.16017316017316
15.324675324675322
16.623376623376622
10.735930735930735
12.424242424242424
12.813852813852813
13.116883116883116
10.735930735930735
14.675324675324674
11.774891774891776
14.285714285714286
14.155844155844155
12.727272727272728
15.584415584415586
11.212121212121211
11.255411255411255
11.99134199134199
10.735930735930735
13.593073593073592
12.38095238095238
13.030303030303031
11.818181818181817
13.67965367965368
11.774891774891776
10.735930735930735
13.593073593073592
12.034632034632034
10.735930735930735
10.735930735930735
13.896103896103895
14.89177489177489
10.909090909090908
11.125541125541124
12.987012987012987
15.974025974025974
15.238095238095237
13.333333333333334
13.809523809523808
11.688311688311689
14.025974025974024
10.735930735930735
13.896103896103895
10.735930735930735
17.66233766233766
10.822510822510823
10.735930735930735
13.030303030303031
10.865800865800866
11.038961038961038
14.89177489177489
11.948051948051948
16.406926406926406
15.67099567099567
18.095238095238095
13.116883116883116
10.735930735930735
10.735930735930735
10.735930735930735
10.735930735930735
10.995670995670997
10.779220779220779
10.735930735930735
14.155844155844155
12.294372294372293
14.069264069264067
10.735930735930735
20.0
12.683982683982684
10.909090909090908
10.995670995670997
14.155844155844155
10.735930735930735
12.813852813852813
13.463203463203463
10.735930735930735
12.64069264069264
10.735930735930735
11.34199134199134
10.735930735930735
13.333333333333334
10.735930735930735
13.203463203463203
10.735930735930735
12.424242424242424
14.242424242424242
17.965367965367964
13.852813852813851
16.1038961038961
10.735930735930735
18.528138528138523
10.952380952380953
15.497835497835498
14.848484848484848
10.735930735930735
13.636363636363635
10.909090909090908
12.857142857142858
10.779220779220779
10.735930735930735
10.735930735930735
10.735930735930735
12.857142857142858
13.982683982683984
14.761904761904763
13.073593073593072
11.86147186147186
12.987012987012987
16.406926406926406
13.982683982683984
15.064935064935066
10.735930735930735
13.463203463203463
15.67099567099567
13.67965367965368
12.900432900432902
10.735930735930735
16.233766233766232
15.714285714285714
17.445887445887443
11.818181818181817
13.29004329004329
13.29004329004329
10.735930735930735
11.904761904761905
10.735930735930735
13.852813852813851
13.203463203463203
10.735930735930735
10.865800865800866
10.735930735930735
10.735930735930735
13.593073593073592
13.593073593073592
13.030303030303031
10.735930735930735
16.32034632034632
15.497835497835498
14.675324675324674
13.593073593073592
16.536796536796537
12.077922077922079
11.298701298701298
10.779220779220779
10.909090909090908
10.779220779220779
10.735930735930735
15.021645021645021
14.1991341991342
12.943722943722944
11.515151515151514
14.718614718614718
11.818181818181817
14.025974025974024
11.038961038961038
4.5021645021645025
13.93939393939394
20.0
13.333333333333334
15.497835497835498
16.406926406926406
13.030303030303031
10.735930735930735
11.082251082251082
12.554112554112553
10.779220779220779
10.865800865800866
11.515151515151514
10.735930735930735
12.987012987012987
18.051948051948052
11.645021645021645
10.735930735930735
10.995670995670997
11.298701298701298
13.593073593073592
14.545454545454543
19.09090909090909
19.87012987012987
13.203463203463203
10.735930735930735
15.281385281385278
10.735930735930735
14.242424242424242
10.735930735930735
13.766233766233766
10.735930735930735
17.48917748917749
10.735930735930735
14.025974025974024
10.735930735930735
11.168831168831167
10.735930735930735
10.735930735930735
10.735930735930735
15.584415584415586
13.549783549783548
15.15151515151515
10.735930735930735
5.974025974025974
12.38095238095238
10.735930735930735
10.735930735930735
15.974025974025974
10.735930735930735
11.645021645021645
10.735930735930735
10.735930735930735
13.766233766233766
13.116883116883116
10.735930735930735
17.965367965367964
13.549783549783548
10.735930735930735
13.333333333333334
10.735930735930735
14.069264069264067
13.333333333333334
14.069264069264067
10.735930735930735
12.77056277056277
14.415584415584416
10.735930735930735
10.735930735930735
10.735930735930735
10.735930735930735
13.29004329004329
16.147186147186147
13.852813852813851
12.987012987012987
10.735930735930735
10.735930735930735
13.636363636363635
10.735930735930735
10.735930735930735
10.735930735930735
13.419913419913419
14.155844155844155
15.93073593073593
14.545454545454543
11.298701298701298
10.735930735930735
12.51082251082251
14.069264069264067
15.67099567099567
10.735930735930735
11.255411255411255
13.16017316017316
14.458874458874458
10.735930735930735
12.900432900432902
13.593073593073592
11.255411255411255
10.735930735930735
14.502164502164502
13.766233766233766
10.735930735930735
11.471861471861473
10.735930735930735
13.852813852813851
12.424242424242424
10.735930735930735
11.34199134199134
12.597402597402596
10.735930735930735
10.735930735930735
14.372294372294371
17.272727272727273
11.082251082251082
13.549783549783548
10.735930735930735
10.735930735930735
14.848484848484848
13.333333333333334
14.718614718614718
12.251082251082252
15.584415584415586
10.735930735930735
10.735930735930735
12.034632034632034
10.735930735930735
11.125541125541124
10.735930735930735
15.974025974025974
10.995670995670997
10.779220779220779
11.904761904761905
14.89177489177489
14.805194805194803
10.735930735930735
10.909090909090908
12.727272727272728
13.896103896103895
14.329004329004327
10.735930735930735
11.038961038961038
10.735930735930735
12.77056277056277
5.800865800865801
13.93939393939394
17.792207792207794
12.727272727272728
13.116883116883116
10.735930735930735
10.735930735930735
11.125541125541124
10.735930735930735
20.0
12.77056277056277
10.735930735930735
10.735930735930735
13.93939393939394
10.735930735930735
11.082251082251082
11.298701298701298
15.887445887445885
16.536796536796537
17.186147186147185
15.541125541125542
10.735930735930735
10.735930735930735
10.735930735930735
15.757575757575758
16.70995670995671
13.030303030303031
14.978354978354979
13.67965367965368
15.238095238095237
15.367965367965366
10.735930735930735
12.943722943722944
14.1991341991342
14.89177489177489
15.021645021645021
10.735930735930735
14.58874458874459
16.88311688311688
15.757575757575758
11.34199134199134
0.0
12.38095238095238
10.735930735930735
12.813852813852813
15.194805194805195
13.333333333333334
14.069264069264067
10.735930735930735
13.203463203463203
10.909090909090908
10.779220779220779
10.735930735930735
10.735930735930735
10.735930735930735
10.735930735930735
10.735930735930735
11.212121212121211
10.779220779220779
10.735930735930735
11.082251082251082
10.735930735930735
14.58874458874459
11.038961038961038
16.536796536796537
10.735930735930735
15.367965367965366
11.34199134199134
15.844155844155845
10.909090909090908
12.207792207792208
10.735930735930735
10.735930735930735
17.01298701298701
10.735930735930735
10.692640692640692
10.735930735930735
13.852813852813851
14.242424242424242
10.735930735930735
12.987012987012987
18.00865800865801
13.982683982683984
15.627705627705627
13.333333333333334
10.735930735930735
11.601731601731602
16.58008658008658
10.735930735930735
13.506493506493507
12.987012987012987
10.735930735930735
10.779220779220779
10.952380952380953
10.735930735930735
12.857142857142858
10.735930735930735
11.212121212121211
13.419913419913419
10.735930735930735
14.805194805194803
11.428571428571429
14.805194805194803
10.735930735930735
12.64069264069264
12.597402597402596
15.238095238095237
13.419913419913419
11.298701298701298
10.735930735930735
14.718614718614718
17.445887445887443
0.0
10.735930735930735
13.116883116883116
10.779220779220779
12.943722943722944
13.852813852813851
10.735930735930735
16.017316017316016
10.735930735930735
17.229437229437227
15.454545454545453
13.809523809523808
13.419913419913419
16.363636363636363
13.766233766233766
11.515151515151514
14.935064935064934
12.683982683982684
10.735930735930735
10.779220779220779
11.038961038961038
10.952380952380953
14.155844155844155
10.735930735930735
10.735930735930735
13.67965367965368
19.6969696969697
10.822510822510823
15.367965367965366
12.38095238095238
14.025974025974024
10.735930735930735
10.735930735930735
10.735930735930735
14.285714285714286
10.735930735930735
14.242424242424242
12.813852813852813
13.852813852813851
13.116883116883116
13.636363636363635
10.735930735930735
10.735930735930735
10.735930735930735
10.865800865800866
11.168831168831167
18.658008658008658
10.735930735930735
10.735930735930735
10.735930735930735
10.865800865800866
14.545454545454543
10.735930735930735
16.27705627705628
10.735930735930735
10.735930735930735
13.463203463203463
16.233766233766232
15.714285714285714
10.735930735930735
10.735930735930735
15.67099567099567
10.735930735930735
10.735930735930735
14.069264069264067
10.735930735930735
10.735930735930735
10.865800865800866
12.251082251082252
13.073593073593072
10.735930735930735
13.506493506493507
17.92207792207792
10.735930735930735
10.735930735930735
14.372294372294371
10.735930735930735
10.735930735930735
13.463203463203463
11.168831168831167
12.424242424242424
12.64069264069264
13.93939393939394
10.735930735930735
15.021645021645021
10.735930735930735
10.735930735930735
12.251082251082252
10.735930735930735
10.779220779220779
13.809523809523808
14.458874458874458
14.242424242424242
13.376623376623376
10.735930735930735
16.017316017316016
12.683982683982684
10.735930735930735
13.896103896103895
10.735930735930735
10.735930735930735
17.35930735930736
12.164502164502164
10.909090909090908
10.995670995670997
16.83982683982684
15.757575757575758
13.376623376623376
10.735930735930735
10.995670995670997
10.735930735930735
13.722943722943722
12.943722943722944
13.766233766233766
20.0
12.554112554112553
13.333333333333334
12.38095238095238
15.064935064935066
16.1038961038961
13.982683982683984
13.29004329004329
15.41125541125541
17.229437229437227
10.735930735930735
10.735930735930735
10.692640692640692
13.16017316017316
10.735930735930735
12.900432900432902
13.073593073593072
12.38095238095238
16.19047619047619
16.45021645021645
17.705627705627705
15.10822510822511
10.735930735930735
10.822510822510823
14.372294372294371
10.735930735930735
15.974025974025974
14.415584415584416
10.822510822510823
15.064935064935066
10.735930735930735
13.722943722943722
10.735930735930735
12.77056277056277
16.753246753246753
11.818181818181817
12.38095238095238
11.774891774891776
10.735930735930735
12.683982683982684
13.593073593073592
13.636363636363635
10.735930735930735
10.735930735930735
14.89177489177489
12.813852813852813
12.943722943722944
20.0
10.995670995670997
12.207792207792208
11.904761904761905
12.900432900432902
10.822510822510823
14.069264069264067
12.337662337662337
11.904761904761905
10.735930735930735
13.982683982683984
10.735930735930735
13.722943722943722
12.251082251082252
16.796536796536795
13.766233766233766
10.952380952380953
12.207792207792208
11.212121212121211
12.554112554112553
13.203463203463203
10.735930735930735
13.376623376623376
10.735930735930735
10.735930735930735
14.848484848484848
13.722943722943722
14.025974025974024
14.329004329004327
10.779220779220779
15.15151515151515
14.1991341991342
11.212121212121211
11.125541125541124
14.285714285714286
10.735930735930735
10.735930735930735
10.735930735930735
10.735930735930735
12.683982683982684
10.779220779220779
11.558441558441558
13.506493506493507
10.822510822510823
15.714285714285714
12.467532467532466
12.554112554112553
12.554112554112553
11.038961038961038
13.766233766233766
13.766233766233766
12.554112554112553
12.813852813852813
12.554112554112553
12.77056277056277
15.021645021645021
11.082251082251082
10.822510822510823
13.246753246753245
14.155844155844155
10.735930735930735
11.168831168831167
14.112554112554111
13.419913419913419
10.735930735930735
12.51082251082251
10.735930735930735
17.186147186147185
17.748917748917748
13.376623376623376
10.995670995670997
10.735930735930735
10.735930735930735
10.735930735930735
13.203463203463203
16.19047619047619
12.38095238095238
10.735930735930735
12.51082251082251
10.735930735930735
16.1038961038961
11.948051948051948
11.082251082251082
13.766233766233766
10.735930735930735
11.125541125541124
10.735930735930735
13.29004329004329
10.735930735930735
11.948051948051948
11.082251082251082
11.255411255411255
13.722943722943722
16.363636363636363
10.735930735930735
14.458874458874458
16.666666666666664
12.64069264069264
13.246753246753245
12.077922077922079
18.528138528138523
12.597402597402596
12.683982683982684
12.424242424242424
10.735930735930735
12.38095238095238
13.246753246753245
14.112554112554111
10.735930735930735
13.376623376623376
14.89177489177489
14.89177489177489
10.735930735930735
14.112554112554111
15.324675324675322
20.0
10.735930735930735
10.735930735930735
13.766233766233766
10.995670995670997
13.16017316017316
11.168831168831167
14.1991341991342
14.718614718614718
14.632034632034632
10.735930735930735
15.497835497835498
10.735930735930735
13.419913419913419
10.735930735930735
16.536796536796537
13.67965367965368
13.29004329004329
15.324675324675322
13.333333333333334
10.735930735930735
13.506493506493507
10.735930735930735
10.735930735930735
14.285714285714286
10.865800865800866
10.735930735930735
10.735930735930735
11.038961038961038
10.735930735930735
10.735930735930735
15.627705627705627
12.943722943722944
13.549783549783548
16.147186147186147
10.735930735930735
14.112554112554111
10.735930735930735
10.779220779220779
13.333333333333334
12.64069264069264
14.978354978354979
17.229437229437227
14.372294372294371
12.467532467532466
13.246753246753245
11.082251082251082
10.735930735930735
13.636363636363635
10.779220779220779
10.735930735930735
15.757575757575758
15.367965367965366
14.545454545454543
10.735930735930735
10.735930735930735
15.454545454545453
14.502164502164502
10.735930735930735
10.909090909090908
13.246753246753245
18.398268398268396
18.874458874458874
10.735930735930735
13.896103896103895
12.813852813852813
11.515151515151514
13.073593073593072
14.718614718614718
14.89177489177489
12.424242424242424
13.93939393939394
14.1991341991342
14.329004329004327
14.1991341991342
13.030303030303031
14.848484848484848
10.735930735930735
10.735930735930735
14.632034632034632
10.735930735930735
13.246753246753245
13.073593073593072
12.900432900432902
12.121212121212121
15.454545454545453
10.735930735930735
10.822510822510823
10.735930735930735
12.943722943722944
13.333333333333334
12.164502164502164
10.735930735930735
14.805194805194803
13.593073593073592
13.766233766233766
13.376623376623376
15.454545454545453
13.203463203463203
13.549783549783548
10.735930735930735
13.29004329004329
13.896103896103895
10.735930735930735
10.822510822510823
14.89177489177489
12.64069264069264
12.554112554112553
14.848484848484848
15.497835497835498
13.766233766233766
10.735930735930735
10.995670995670997
10.735930735930735
13.506493506493507
15.584415584415586
14.025974025974024
17.186147186147185
12.900432900432902
10.735930735930735
13.766233766233766
10.735930735930735
17.142857142857142
19.09090909090909
20.0
11.515151515151514
11.168831168831167
13.030303030303031
13.67965367965368
17.87878787878788
13.16017316017316
15.714285714285714
12.77056277056277
12.683982683982684
20.0
10.822510822510823
12.207792207792208
14.58874458874459
10.735930735930735
13.073593073593072
10.735930735930735
13.549783549783548
16.1038961038961
14.025974025974024
10.735930735930735
10.779220779220779
14.632034632034632
10.779220779220779
16.27705627705628
10.735930735930735
16.406926406926406
10.779220779220779
10.865800865800866
11.385281385281385
13.722943722943722
12.424242424242424
20.0
10.735930735930735
10.735930735930735
13.549783549783548
10.735930735930735
10.995670995670997
13.246753246753245
10.735930735930735
16.58008658008658
10.735930735930735
11.168831168831167
10.735930735930735
10.735930735930735
10.735930735930735
11.212121212121211
10.692640692640692
10.735930735930735
12.034632034632034
13.16017316017316
15.238095238095237
10.822510822510823
10.822510822510823
10.735930735930735
15.021645021645021
10.735930735930735
10.735930735930735
10.822510822510823
10.735930735930735
14.069264069264067
10.865800865800866
14.545454545454543
10.909090909090908
10.909090909090908
11.385281385281385
20.0
10.735930735930735
10.909090909090908
14.242424242424242
17.142857142857142
15.281385281385278
10.735930735930735
13.809523809523808
15.844155844155845
12.597402597402596
15.67099567099567
13.333333333333334
10.779220779220779
10.865800865800866
14.718614718614718
13.116883116883116
14.069264069264067
12.077922077922079
16.406926406926406
15.41125541125541
13.29004329004329
14.848484848484848
12.554112554112553
14.372294372294371
14.805194805194803
14.1991341991342
14.89177489177489
12.900432900432902
14.155844155844155
12.424242424242424
15.541125541125542
10.822510822510823
14.935064935064934
10.779220779220779
14.025974025974024
10.735930735930735
11.212121212121211
13.116883116883116
13.333333333333334
13.67965367965368
10.865800865800866
13.549783549783548
12.987012987012987
10.735930735930735
13.93939393939394
15.541125541125542
13.982683982683984
11.255411255411255
14.242424242424242
13.636363636363635
10.735930735930735
11.731601731601732
13.116883116883116
10.909090909090908
10.735930735930735
15.887445887445885
16.32034632034632
12.554112554112553
10.779220779220779
15.497835497835498
16.017316017316016
12.813852813852813
14.155844155844155
10.735930735930735
15.15151515151515
10.735930735930735
10.822510822510823
10.735930735930735
17.35930735930736
14.718614718614718
13.073593073593072
10.735930735930735
13.246753246753245
10.909090909090908
13.766233766233766
10.735930735930735
10.735930735930735
14.112554112554111
10.735930735930735
10.735930735930735
13.246753246753245
11.125541125541124
12.857142857142858
10.779220779220779
10.779220779220779
10.735930735930735
10.735930735930735
12.554112554112553
12.554112554112553
12.467532467532466
10.735930735930735
16.88311688311688
14.069264069264067
15.238095238095237
10.735930735930735
12.51082251082251
14.502164502164502
10.735930735930735
11.948051948051948
11.99134199134199
10.735930735930735
12.813852813852813
10.735930735930735
10.909090909090908
10.735930735930735
13.29004329004329
10.735930735930735
10.735930735930735
11.038961038961038
12.727272727272728
13.246753246753245
10.865800865800866
15.800865800865799
14.502164502164502
12.554112554112553
13.896103896103895
15.064935064935066
10.735930735930735
12.034632034632034
14.025974025974024
10.735930735930735
13.809523809523808
11.428571428571429
13.636363636363635
13.246753246753245
10.735930735930735
10.735930735930735
15.367965367965366
10.735930735930735
14.458874458874458
10.735930735930735
14.675324675324674
10.735930735930735
13.419913419913419
10.735930735930735
15.93073593073593
13.67965367965368
10.735930735930735
14.1991341991342
12.987012987012987
13.766233766233766
10.779220779220779
14.372294372294371
12.121212121212121
13.419913419913419
10.779220779220779
13.463203463203463
10.735930735930735
14.58874458874459
13.67965367965368
10.735930735930735
15.10822510822511
15.10822510822511
10.735930735930735
11.168831168831167
10.865800865800866
13.29004329004329
15.281385281385278
15.887445887445885
10.735930735930735
10.735930735930735
14.761904761904763
11.34199134199134
12.424242424242424
10.735930735930735
11.99134199134199
13.852813852813851
13.463203463203463
15.584415584415586
15.021645021645021
10.735930735930735
10.735930735930735
10.735930735930735
16.1038961038961
10.735930735930735
11.818181818181817
10.735930735930735
16.58008658008658
10.735930735930735
11.168831168831167
14.978354978354979
10.735930735930735
10.735930735930735
10.735930735930735
14.1991341991342
15.367965367965366
10.735930735930735
14.069264069264067
14.978354978354979
10.735930735930735
10.735930735930735
10.735930735930735
13.203463203463203
10.735930735930735
15.15151515151515
14.761904761904763
10.822510822510823
10.735930735930735
14.112554112554111
13.463203463203463
13.073593073593072
19.004329004329005
12.900432900432902
11.731601731601732
12.164502164502164
10.909090909090908
10.735930735930735
11.558441558441558
13.766233766233766
12.207792207792208
14.805194805194803
10.692640692640692
12.683982683982684
10.779220779220779
15.67099567099567
10.779220779220779
15.064935064935066
11.515151515151514
10.865800865800866
10.779220779220779
15.41125541125541
13.16017316017316
10.735930735930735
14.415584415584416
17.186147186147185
11.904761904761905
10.735930735930735
16.060606060606062
13.852813852813851
10.735930735930735
5.67099567099567
10.735930735930735
14.025974025974024
10.735930735930735
12.121212121212121
10.735930735930735
12.337662337662337
14.848484848484848
15.584415584415586
11.601731601731602
10.735930735930735
13.203463203463203
15.974025974025974
14.025974025974024
10.692640692640692
13.809523809523808
18.614718614718612
12.943722943722944
14.545454545454543
14.242424242424242
12.467532467532466
10.735930735930735
14.675324675324674
10.735930735930735
15.238095238095237
10.822510822510823
16.926406926406926
10.822510822510823
13.203463203463203
13.203463203463203
12.813852813852813
13.593073593073592
12.987012987012987
13.116883116883116
10.735930735930735
13.376623376623376
12.207792207792208
10.735930735930735
13.67965367965368
10.735930735930735
15.541125541125542
10.735930735930735
15.064935064935066
13.67965367965368
10.735930735930735
13.549783549783548
13.16017316017316
10.779220779220779
13.852813852813851
11.385281385281385
10.995670995670997
17.48917748917749
13.419913419913419
10.735930735930735
10.735930735930735
11.34199134199134
10.995670995670997
10.779220779220779
12.683982683982684
13.030303030303031
14.718614718614718
10.735930735930735
10.735930735930735
10.865800865800866
14.155844155844155
14.502164502164502
10.735930735930735
14.58874458874459
11.038961038961038
12.813852813852813
13.93939393939394
14.155844155844155
13.636363636363635
15.584415584415586
11.515151515151514
13.246753246753245
12.51082251082251
11.558441558441558
10.909090909090908
10.822510822510823
10.995670995670997
12.943722943722944
11.298701298701298
10.735930735930735
14.58874458874459
18.225108225108222
10.909090909090908
13.030303030303031
19.6969696969697
12.554112554112553
10.735930735930735
11.731601731601732
13.593073593073592
10.735930735930735
12.424242424242424
11.212121212121211
10.779220779220779
15.41125541125541
11.731601731601732
17.272727272727273
10.735930735930735
10.735930735930735
10.735930735930735
11.298701298701298
13.852813852813851
12.683982683982684
10.952380952380953
10.735930735930735
13.809523809523808
10.822510822510823
10.865800865800866
10.735930735930735
13.636363636363635
20.0
14.329004329004327
10.735930735930735
1.1255411255411256
10.735930735930735
13.896103896103895
11.558441558441558
10.735930735930735
10.865800865800866
10.735930735930735
10.735930735930735
10.735930735930735
11.471861471861473
10.735930735930735
10.735930735930735
13.506493506493507
13.852813852813851
20.0
15.194805194805195
13.246753246753245
12.38095238095238
12.943722943722944
12.64069264069264
10.735930735930735
13.93939393939394
10.735930735930735
11.038961038961038
10.735930735930735
13.852813852813851
10.735930735930735
20.0
14.329004329004327
13.896103896103895
10.735930735930735
15.497835497835498
11.558441558441558
10.735930735930735
10.735930735930735
10.735930735930735
15.800865800865799
10.735930735930735
15.497835497835498
10.735930735930735
10.735930735930735
10.735930735930735
11.125541125541124
10.735930735930735
15.844155844155845
13.67965367965368
0.0
20.0
13.463203463203463
13.766233766233766
13.549783549783548
12.077922077922079
10.735930735930735
14.58874458874459
10.735930735930735
13.549783549783548
13.16017316017316
10.735930735930735
13.852813852813851
12.121212121212121
10.735930735930735
10.692640692640692
10.735930735930735
11.038961038961038
10.735930735930735
10.735930735930735
17.0995670995671
10.735930735930735
13.376623376623376
9.913419913419911
0.0
11.385281385281385
10.735930735930735
13.809523809523808
13.16017316017316
10.865800865800866
14.675324675324674
10.735930735930735
14.1991341991342
10.735930735930735
10.735930735930735
10.735930735930735
15.238095238095237
12.857142857142858
10.865800865800866
15.887445887445885
14.069264069264067
12.51082251082251
13.766233766233766
11.731601731601732
10.735930735930735
13.809523809523808
10.952380952380953
11.125541125541124
14.155844155844155
12.987012987012987
10.735930735930735
13.67965367965368
13.896103896103895
14.502164502164502
12.121212121212121
13.376623376623376
14.632034632034632
13.463203463203463
13.549783549783548
13.376623376623376
10.995670995670997
13.376623376623376
12.683982683982684
14.329004329004327
11.731601731601732
11.99134199134199
13.419913419913419
12.424242424242424
14.329004329004327
14.1991341991342
11.818181818181817
13.593073593073592
12.857142857142858
12.554112554112553
14.502164502164502
13.593073593073592
10.735930735930735
10.779220779220779
10.909090909090908
13.073593073593072
10.735930735930735
16.536796536796537
10.779220779220779
10.735930735930735
13.766233766233766
15.021645021645021
14.978354978354979
11.904761904761905
10.779220779220779
13.982683982683984
12.51082251082251
13.203463203463203
11.904761904761905
14.632034632034632
13.93939393939394
13.593073593073592
12.727272727272728
12.857142857142858
12.987012987012987
14.458874458874458
10.735930735930735
12.077922077922079
11.904761904761905
10.735930735930735
11.168831168831167
14.1991341991342
13.67965367965368
12.64069264069264
13.246753246753245
13.67965367965368
12.64069264069264
14.069264069264067
12.987012987012987
12.683982683982684
10.909090909090908
12.813852813852813
12.77056277056277
13.722943722943722
10.822510822510823
14.112554112554111
10.735930735930735
11.082251082251082
14.978354978354979
12.813852813852813
13.030303030303031
12.077922077922079
11.298701298701298
10.952380952380953
10.779220779220779
11.298701298701298
15.67099567099567
13.333333333333334
13.29004329004329
15.064935064935066
10.822510822510823
11.125541125541124
20.0
12.597402597402596
11.125541125541124
10.995670995670997
14.242424242424242
13.982683982683984
11.212121212121211
14.069264069264067
13.593073593073592
12.207792207792208
13.67965367965368
15.887445887445885
12.987012987012987
12.64069264069264
20.0
10.995670995670997
10.909090909090908
10.735930735930735
11.601731601731602
13.116883116883116
12.424242424242424
10.735930735930735
12.034632034632034
10.735930735930735
12.424242424242424
10.822510822510823
10.735930735930735
10.735930735930735
15.67099567099567
11.082251082251082
12.900432900432902
13.549783549783548
10.735930735930735
20.0
11.428571428571429
11.038961038961038
14.458874458874458
15.627705627705627
10.952380952380953
14.502164502164502
11.125541125541124
13.593073593073592
11.86147186147186
15.541125541125542
15.800865800865799
11.818181818181817
14.848484848484848
15.281385281385278
10.735930735930735
10.735930735930735
11.515151515151514
10.735930735930735
10.735930735930735
10.735930735930735
16.017316017316016
16.27705627705628
12.467532467532466
12.987012987012987
17.056277056277054
13.982683982683984
13.506493506493507
14.761904761904763
17.4025974025974
12.943722943722944
10.735930735930735
11.212121212121211
13.246753246753245
10.735930735930735
13.766233766233766
11.038961038961038
16.796536796536795
12.987012987012987
10.822510822510823
14.632034632034632
10.735930735930735
10.779220779220779
14.415584415584416
14.155844155844155
20.0
12.857142857142858
18.7012987012987
11.515151515151514
10.735930735930735
14.848484848484848
10.735930735930735
14.415584415584416
14.545454545454543
10.735930735930735
12.857142857142858
12.294372294372293
10.735930735930735
12.424242424242424
10.735930735930735
10.735930735930735
10.735930735930735
18.26839826839827
11.168831168831167
10.735930735930735
20.0
12.727272727272728
16.1038961038961
17.186147186147185
10.735930735930735
11.99134199134199
13.16017316017316
0.0
10.735930735930735
10.735930735930735
10.735930735930735
12.424242424242424
12.424242424242424
10.822510822510823
15.324675324675322
10.735930735930735
12.77056277056277
13.419913419913419
13.030303030303031
15.324675324675322
14.545454545454543
10.735930735930735
13.593073593073592
12.554112554112553
10.735930735930735
12.987012987012987
12.683982683982684
12.034632034632034
10.735930735930735
11.255411255411255
11.558441558441558
17.575757575757574
12.77056277056277
11.298701298701298
10.735930735930735
10.865800865800866
4.06926406926407
13.203463203463203
13.16017316017316
13.030303030303031
10.995670995670997
10.735930735930735
12.857142857142858
14.112554112554111
19.523809523809522
12.683982683982684
10.779220779220779
11.645021645021645
11.168831168831167
12.337662337662337
14.58874458874459
10.779220779220779
10.735930735930735
20.0
11.34199134199134
10.735930735930735
13.333333333333334
10.952380952380953
14.458874458874458
16.32034632034632
12.164502164502164
10.822510822510823
13.073593073593072
12.77056277056277
10.952380952380953
10.735930735930735
14.458874458874458
14.58874458874459
10.735930735930735
10.822510822510823
16.666666666666664
11.601731601731602
14.372294372294371
10.735930735930735
14.718614718614718
10.735930735930735
13.376623376623376
13.549783549783548
12.943722943722944
15.41125541125541
11.125541125541124
13.419913419913419
14.025974025974024
10.735930735930735
13.722943722943722
13.333333333333334
10.735930735930735
13.809523809523808
11.428571428571429
14.935064935064934
10.735930735930735
11.428571428571429
10.995670995670997
14.978354978354979
15.367965367965366
13.766233766233766
13.29004329004329
10.735930735930735
15.844155844155845
14.242424242424242
14.545454545454543
11.774891774891776
13.376623376623376
12.424242424242424
10.735930735930735
11.904761904761905
14.415584415584416
13.376623376623376
16.88311688311688
13.93939393939394
13.852813852813851
18.00865800865801
13.67965367965368
12.77056277056277
10.735930735930735
10.735930735930735
10.735930735930735
13.030303030303031
12.987012987012987
12.554112554112553
16.96969696969697
15.41125541125541
15.93073593073593
15.627705627705627
10.735930735930735
15.454545454545453
16.233766233766232
11.168831168831167
15.021645021645021
13.67965367965368
14.242424242424242
13.030303030303031
13.896103896103895
12.077922077922079
13.030303030303031
18.744588744588743
12.77056277056277
10.995670995670997
10.735930735930735
14.58874458874459
13.93939393939394
16.96969696969697
10.735930735930735
13.419913419913419
14.155844155844155
10.735930735930735
10.735930735930735
14.155844155844155
16.19047619047619
15.021645021645021
11.212121212121211
10.735930735930735
10.735930735930735
10.779220779220779
10.735930735930735
10.735930735930735
13.376623376623376
13.16017316017316
16.796536796536795
15.281385281385278
12.294372294372293
13.506493506493507
14.978354978354979
10.735930735930735
14.025974025974024
14.718614718614718
15.367965367965366
13.896103896103895
10.735930735930735
12.64069264069264
13.766233766233766
10.909090909090908
15.15151515151515
14.415584415584416
16.406926406926406
12.943722943722944
11.774891774891776
11.99134199134199
20.0
13.549783549783548
13.073593073593072
16.88311688311688
10.735930735930735
10.952380952380953
10.952380952380953
10.735930735930735
10.735930735930735
14.935064935064934
10.909090909090908
19.177489177489175
10.735930735930735
10.735930735930735
7.359307359307359
10.735930735930735
12.727272727272728
14.285714285714286
16.27705627705628
10.735930735930735
10.735930735930735
13.203463203463203
10.735930735930735
15.800865800865799
15.324675324675322
17.66233766233766
13.982683982683984
13.16017316017316
10.735930735930735
10.735930735930735
11.601731601731602
10.735930735930735
12.424242424242424
10.735930735930735
10.735930735930735
10.735930735930735
12.251082251082252
20.0
13.982683982683984
11.428571428571429
12.077922077922079
13.593073593073592
14.155844155844155
13.16017316017316
10.735930735930735
13.073593073593072
0.0
13.073593073593072
12.727272727272728
14.502164502164502
10.735930735930735
12.727272727272728
10.735930735930735
10.822510822510823
11.515151515151514
12.943722943722944
18.78787878787879
10.865800865800866
12.727272727272728
10.735930735930735
11.818181818181817
13.073593073593072
12.554112554112553
14.069264069264067
11.948051948051948
17.705627705627705
11.168831168831167
14.675324675324674
11.688311688311689
13.073593073593072
12.251082251082252
14.458874458874458
12.38095238095238
10.735930735930735
18.051948051948052
10.735930735930735
14.935064935064934
10.735930735930735
10.735930735930735
13.419913419913419
15.454545454545453
14.58874458874459
10.779220779220779
14.805194805194803
10.735930735930735
13.073593073593072
10.735930735930735
12.554112554112553
11.168831168831167
14.718614718614718
10.995670995670997
11.731601731601732
13.29004329004329
10.735930735930735
17.66233766233766
13.203463203463203
11.818181818181817
10.735930735930735
10.735930735930735
11.515151515151514
10.735930735930735
13.116883116883116
10.735930735930735
10.735930735930735
10.735930735930735
13.67965367965368
13.16017316017316
11.212121212121211
14.069264069264067
15.41125541125541
10.735930735930735
10.735930735930735
17.66233766233766
14.155844155844155
10.735930735930735
14.978354978354979
10.735930735930735
14.761904761904763
13.16017316017316
10.735930735930735
11.34199134199134
11.818181818181817
16.060606060606062
11.038961038961038
13.67965367965368
10.735930735930735
10.779220779220779
12.857142857142858
12.900432900432902
10.995670995670997
10.822510822510823
10.735930735930735
13.852813852813851
10.952380952380953
13.67965367965368
12.294372294372293
10.735930735930735
12.38095238095238
10.735930735930735
12.987012987012987
10.909090909090908
14.761904761904763
14.718614718614718
11.168831168831167
10.735930735930735
13.246753246753245
15.454545454545453
15.714285714285714
12.943722943722944
15.887445887445885
10.735930735930735
10.735930735930735
11.255411255411255
10.735930735930735
11.428571428571429
12.683982683982684
10.735930735930735
10.735930735930735
10.822510822510823
11.255411255411255
10.735930735930735
10.735930735930735
10.735930735930735
12.554112554112553
10.735930735930735
11.948051948051948
10.779220779220779
10.735930735930735
15.627705627705627
10.735930735930735
10.735930735930735
10.735930735930735
10.735930735930735
11.428571428571429
10.735930735930735
10.735930735930735
10.995670995670997
10.865800865800866
10.735930735930735
10.909090909090908
11.298701298701298
10.735930735930735
10.735930735930735
11.038961038961038
16.96969696969697
12.727272727272728
12.77056277056277
13.93939393939394
10.735930735930735
14.935064935064934
12.77056277056277
12.857142857142858
13.030303030303031
10.735930735930735
12.121212121212121
10.822510822510823
13.333333333333334
13.116883116883116
12.424242424242424
10.735930735930735
18.354978354978357
14.1991341991342
10.865800865800866
14.458874458874458
13.333333333333334
12.683982683982684
14.935064935064934
10.735930735930735
12.207792207792208
14.069264069264067
13.030303030303031
12.38095238095238
10.735930735930735
15.67099567099567
10.735930735930735
13.246753246753245
11.86147186147186
14.415584415584416
14.502164502164502
13.419913419913419
10.735930735930735
13.549783549783548
12.554112554112553
13.896103896103895
10.822510822510823
10.735930735930735
10.779220779220779
13.809523809523808
10.735930735930735
10.735930735930735
12.857142857142858
16.623376623376622
11.082251082251082
10.735930735930735
14.372294372294371
10.735930735930735
10.735930735930735
10.865800865800866
10.822510822510823
15.281385281385278
14.415584415584416
10.735930735930735
10.735930735930735
10.909090909090908
10.735930735930735
10.735930735930735
10.779220779220779
11.385281385281385
20.0
10.822510822510823
12.467532467532466
10.822510822510823
10.735930735930735
10.735930735930735
10.735930735930735
13.030303030303031
11.082251082251082
17.186147186147185
13.506493506493507
10.735930735930735
12.813852813852813
13.896103896103895
10.735930735930735
20.0
20.0
15.714285714285714
15.238095238095237
15.627705627705627
12.727272727272728
14.848484848484848
10.735930735930735
15.021645021645021
14.242424242424242
11.212121212121211
10.735930735930735
11.038961038961038
12.207792207792208
10.735930735930735
14.502164502164502
10.779220779220779
10.735930735930735
10.735930735930735
15.497835497835498
10.735930735930735
10.735930735930735
10.822510822510823
13.593073593073592
13.93939393939394
10.995670995670997
10.735930735930735
14.632034632034632
15.714285714285714
10.735930735930735
10.735930735930735
10.735930735930735
11.082251082251082
11.99134199134199
13.463203463203463
13.722943722943722
10.779220779220779
10.735930735930735
13.16017316017316
10.735930735930735
10.735930735930735
14.805194805194803
10.735930735930735
10.735930735930735
10.692640692640692
17.575757575757574
10.735930735930735
13.593073593073592
14.848484848484848
14.632034632034632
14.069264069264067
14.761904761904763
10.735930735930735
10.735930735930735
10.735930735930735
10.735930735930735
12.77056277056277
11.99134199134199
14.1991341991342
10.735930735930735
17.575757575757574
10.692640692640692
14.805194805194803
10.216450216450216
15.541125541125542
10.692640692640692
10.735930735930735
10.822510822510823
10.909090909090908
13.376623376623376
16.796536796536795
11.558441558441558
10.735930735930735
10.779220779220779
10.735930735930735
11.125541125541124
12.424242424242424
10.735930735930735
11.082251082251082
11.818181818181817
11.082251082251082
10.735930735930735
10.735930735930735
10.692640692640692
11.168831168831167
14.458874458874458
12.164502164502164
13.636363636363635
10.735930735930735
10.735930735930735
14.761904761904763
18.00865800865801
10.735930735930735
16.147186147186147
14.155844155844155
10.735930735930735
12.943722943722944
16.753246753246753
10.735930735930735
13.376623376623376
10.735930735930735
15.844155844155845
10.735930735930735
11.038961038961038
10.779220779220779
14.242424242424242
10.822510822510823
12.900432900432902
10.735930735930735
10.735930735930735
14.242424242424242
11.34199134199134
10.735930735930735
10.735930735930735
10.735930735930735
10.822510822510823
10.735930735930735
10.735930735930735
10.735930735930735
16.32034632034632
16.926406926406926
10.735930735930735
10.735930735930735
10.822510822510823
15.541125541125542
10.735930735930735
12.727272727272728
10.735930735930735
10.735930735930735
13.463203463203463
10.735930735930735
13.419913419913419
12.164502164502164
13.593073593073592
12.943722943722944
12.424242424242424
10.995670995670997
13.116883116883116
12.467532467532466
15.67099567099567
10.735930735930735
10.735930735930735
10.779220779220779
10.865800865800866
10.735930735930735
10.779220779220779
12.467532467532466
11.99134199134199
12.337662337662337
10.779220779220779
12.164502164502164
16.147186147186147
12.424242424242424
12.38095238095238
10.779220779220779
16.926406926406926
12.251082251082252
14.718614718614718
11.125541125541124
16.58008658008658
10.865800865800866
10.735930735930735
16.32034632034632
10.822510822510823
13.29004329004329
11.168831168831167
10.735930735930735
10.735930735930735
13.29004329004329
11.082251082251082
12.683982683982684
10.735930735930735
12.987012987012987
10.822510822510823
0.5627705627705628
10.735930735930735
13.896103896103895
13.636363636363635
10.735930735930735
13.463203463203463
10.952380952380953
10.735930735930735
12.683982683982684
13.549783549783548
20.0
13.116883116883116
0.0
10.952380952380953
15.627705627705627
10.735930735930735
15.41125541125541
10.735930735930735
14.58874458874459
10.735930735930735
13.419913419913419
14.329004329004327
13.29004329004329
17.0995670995671
14.935064935064934
10.735930735930735
11.082251082251082
13.419913419913419
10.735930735930735
10.735930735930735
15.238095238095237
13.073593073593072
12.813852813852813
10.822510822510823
10.865800865800866
14.89177489177489
15.021645021645021
10.692640692640692
12.813852813852813
10.735930735930735
13.636363636363635
14.718614718614718
13.203463203463203
10.735930735930735
0.0
10.735930735930735
12.467532467532466
13.766233766233766
15.324675324675322
13.203463203463203
15.194805194805195
12.207792207792208
14.761904761904763
13.419913419913419
11.774891774891776
14.1991341991342
10.735930735930735
12.64069264069264
13.116883116883116
11.818181818181817
11.428571428571429
12.857142857142858
12.77056277056277
14.415584415584416
10.735930735930735
11.038961038961038
10.735930735930735
12.683982683982684
14.761904761904763
17.66233766233766
15.497835497835498
10.822510822510823
14.155844155844155
11.818181818181817
13.982683982683984
14.069264069264067
10.735930735930735
14.285714285714286
10.735930735930735
10.735930735930735
13.376623376623376
13.030303030303031
10.735930735930735
17.835497835497836
15.064935064935066
11.471861471861473
14.1991341991342
13.203463203463203
10.735930735930735
11.515151515151514
10.735930735930735
10.735930735930735
10.735930735930735
13.030303030303031
20.0
14.502164502164502
12.51082251082251
10.735930735930735
11.428571428571429
15.10822510822511
10.779220779220779
11.168831168831167
10.735930735930735
10.735930735930735
14.502164502164502
13.29004329004329
13.376623376623376
14.415584415584416
16.45021645021645
10.692640692640692
16.060606060606062
10.735930735930735
10.735930735930735
11.385281385281385
10.735930735930735
10.735930735930735
12.77056277056277
14.242424242424242
10.735930735930735
14.1991341991342
19.783549783549788
12.121212121212121
10.735930735930735
13.333333333333334
10.735930735930735
10.779220779220779
14.285714285714286
10.735930735930735
10.735930735930735
14.935064935064934
12.943722943722944
10.822510822510823
14.1991341991342
16.70995670995671
18.398268398268396
12.597402597402596
17.272727272727273
10.735930735930735
12.857142857142858
12.683982683982684
13.809523809523808
13.376623376623376
12.64069264069264
17.87878787878788
13.722943722943722
17.4025974025974
10.735930735930735
17.186147186147185
13.852813852813851
12.857142857142858
13.419913419913419
10.995670995670997
11.471861471861473
10.952380952380953
13.463203463203463
13.116883116883116
12.943722943722944
12.121212121212121
13.593073593073592
13.766233766233766
13.203463203463203
11.082251082251082
15.41125541125541
14.58874458874459
15.10822510822511
10.735930735930735
11.038961038961038
10.735930735930735
12.467532467532466
10.995670995670997
15.541125541125542
13.722943722943722
13.376623376623376
13.722943722943722
15.757575757575758
15.541125541125542
10.735930735930735
19.393939393939394
12.77056277056277
12.813852813852813
13.073593073593072
15.627705627705627
12.38095238095238
13.333333333333334
12.64069264069264
12.597402597402596
11.515151515151514
10.779220779220779
10.822510822510823
14.632034632034632
10.822510822510823
10.779220779220779
13.203463203463203
14.935064935064934
11.34199134199134
13.333333333333334
14.242424242424242
13.766233766233766
13.636363636363635
16.017316017316016
10.735930735930735
10.735930735930735
13.333333333333334
12.857142857142858
10.735930735930735
10.735930735930735
13.67965367965368
10.735930735930735
15.281385281385278
14.935064935064934
13.852813852813851
10.735930735930735
11.34199134199134
11.471861471861473
15.497835497835498
13.463203463203463
12.207792207792208
11.601731601731602
13.722943722943722
14.458874458874458
11.688311688311689
16.363636363636363
10.735930735930735
13.333333333333334
20.0
10.909090909090908
15.541125541125542
10.735930735930735
10.735930735930735
13.246753246753245
14.069264069264067
13.896103896103895
10.822510822510823
10.735930735930735
15.10822510822511
12.857142857142858
10.735930735930735
10.735930735930735
12.164502164502164
10.735930735930735
11.082251082251082
10.735930735930735
13.030303030303031
13.203463203463203
15.714285714285714
14.978354978354979
10.735930735930735
10.735930735930735
13.636363636363635
13.852813852813851
13.16017316017316
18.744588744588743
10.952380952380953
14.285714285714286
13.982683982683984
15.67099567099567
10.735930735930735
12.467532467532466
14.415584415584416
12.857142857142858
10.735930735930735
12.554112554112553
10.735930735930735
0.8658008658008657
10.735930735930735
10.692640692640692
14.545454545454543
10.735930735930735
13.073593073593072
13.073593073593072
10.735930735930735
10.779220779220779
13.67965367965368
11.082251082251082
10.952380952380953
12.857142857142858
10.952380952380953
11.125541125541124
13.073593073593072
10.735930735930735
10.735930735930735
10.735930735930735
13.246753246753245
15.714285714285714
14.458874458874458
10.779220779220779
10.735930735930735
1.471861471861472
14.1991341991342
11.082251082251082
14.329004329004327
20.0
13.852813852813851
14.329004329004327
10.735930735930735
10.735930735930735
16.70995670995671
14.58874458874459
10.735930735930735
10.735930735930735
10.735930735930735
10.735930735930735
10.735930735930735
14.805194805194803
10.735930735930735
13.593073593073592
10.952380952380953
11.688311688311689
11.212121212121211
14.58874458874459
14.502164502164502
11.168831168831167
10.822510822510823
13.463203463203463
10.735930735930735
15.064935064935066
13.852813852813851
12.943722943722944
12.554112554112553
15.194805194805195
10.692640692640692
10.735930735930735
12.164502164502164
10.735930735930735
10.735930735930735
10.735930735930735
14.155844155844155
19.61038961038961
12.077922077922079
10.735930735930735
10.735930735930735
14.545454545454543
14.025974025974024
13.549783549783548
10.779220779220779
10.735930735930735
10.779220779220779
11.774891774891776
12.121212121212121
10.735930735930735
14.632034632034632
13.116883116883116
10.822510822510823
14.112554112554111
10.822510822510823
15.238095238095237
10.865800865800866
10.865800865800866
10.735930735930735
14.285714285714286
11.428571428571429
12.987012987012987
12.251082251082252
12.38095238095238
15.281385281385278
10.735930735930735
14.285714285714286
12.554112554112553
14.155844155844155
10.735930735930735
11.168831168831167
13.593073593073592
14.155844155844155
10.735930735930735
13.549783549783548
20.0
13.506493506493507
14.025974025974024
13.419913419913419
11.471861471861473
10.735930735930735
11.471861471861473
12.727272727272728
11.212121212121211
13.766233766233766
10.735930735930735
13.809523809523808
12.51082251082251
20.0
11.515151515151514
16.70995670995671
13.463203463203463
13.636363636363635
15.93073593073593
10.735930735930735
12.467532467532466
10.735930735930735
10.822510822510823
15.757575757575758
14.155844155844155
10.735930735930735
10.735930735930735
14.458874458874458
13.419913419913419
14.58874458874459
16.233766233766232
10.735930735930735
18.398268398268396
13.506493506493507
20.0
10.735930735930735
10.822510822510823
14.761904761904763
10.735930735930735
13.16017316017316
10.735930735930735
10.735930735930735
10.735930735930735
11.125541125541124
10.735930735930735
15.367965367965366
14.545454545454543
10.735930735930735
13.030303030303031
10.735930735930735
10.865800865800866
10.735930735930735
13.246753246753245
14.545454545454543
14.112554112554111
10.735930735930735
15.238095238095237
10.735930735930735
16.666666666666664
11.125541125541124
14.502164502164502
13.593073593073592
10.909090909090908
16.96969696969697
15.064935064935066
12.64069264069264
10.735930735930735
13.809523809523808
10.735930735930735
13.116883116883116
11.34199134199134
13.030303030303031
10.735930735930735
15.238095238095237
13.896103896103895
12.64069264069264
10.735930735930735
10.735930735930735
11.99134199134199
14.89177489177489
10.735930735930735
14.112554112554111
10.735930735930735
13.593073593073592
10.735930735930735
11.082251082251082
10.822510822510823
10.735930735930735
14.545454545454543
11.471861471861473
10.735930735930735
13.67965367965368
13.809523809523808
10.735930735930735
13.419913419913419
12.813852813852813
10.909090909090908
18.484848484848484
15.15151515151515
11.385281385281385
14.329004329004327
10.735930735930735
10.865800865800866
13.982683982683984
10.735930735930735
16.406926406926406
10.952380952380953
13.636363636363635
13.030303030303031
10.735930735930735
13.073593073593072
14.545454545454543
15.541125541125542
10.735930735930735
10.735930735930735
12.38095238095238
14.848484848484848
12.294372294372293
13.506493506493507
13.982683982683984
15.238095238095237
10.735930735930735
10.779220779220779
14.415584415584416
10.692640692640692
10.735930735930735
14.632034632034632
14.675324675324674
10.822510822510823
10.779220779220779
11.558441558441558
15.367965367965366
10.822510822510823
13.030303030303031
13.030303030303031
11.038961038961038
16.70995670995671
14.458874458874458
10.735930735930735
10.735930735930735
12.121212121212121
16.32034632034632
10.735930735930735
14.675324675324674
11.385281385281385
10.909090909090908
10.735930735930735
14.285714285714286
14.415584415584416
13.549783549783548
13.463203463203463
14.89177489177489
10.909090909090908
13.896103896103895
10.995670995670997
10.735930735930735
10.735930735930735
12.337662337662337
14.285714285714286
13.203463203463203
13.896103896103895
10.735930735930735
10.735930735930735
18.917748917748916
13.246753246753245
20.0
13.16017316017316
13.506493506493507
11.471861471861473
12.294372294372293
10.735930735930735
10.952380952380953
10.735930735930735
13.333333333333334
13.246753246753245
15.238095238095237
15.10822510822511
13.809523809523808
13.29004329004329
15.281385281385278
10.735930735930735
13.549783549783548
10.735930735930735
13.506493506493507
16.017316017316016
10.735930735930735
10.952380952380953
13.93939393939394
12.813852813852813
12.64069264069264
12.77056277056277
10.865800865800866
14.155844155844155
10.735930735930735
10.779220779220779
17.66233766233766
12.337662337662337
14.112554112554111
10.735930735930735
10.735930735930735
10.865800865800866
10.735930735930735
13.896103896103895
12.813852813852813
10.735930735930735
13.982683982683984
10.865800865800866
14.112554112554111
13.67965367965368
12.857142857142858
12.251082251082252
14.372294372294371
13.67965367965368
12.51082251082251
12.987012987012987
12.813852813852813
11.255411255411255
10.735930735930735
10.735930735930735
15.454545454545453
10.735930735930735
11.038961038961038
12.467532467532466
10.735930735930735
14.675324675324674
14.1991341991342
10.735930735930735
17.01298701298701
13.722943722943722
14.025974025974024
17.619047619047617
17.056277056277054
13.93939393939394
12.337662337662337
14.1991341991342
14.242424242424242
10.735930735930735
10.735930735930735
13.29004329004329
10.735930735930735
11.212121212121211
10.735930735930735
11.168831168831167
14.761904761904763
12.034632034632034
14.675324675324674
14.285714285714286
17.316017316017312
11.471861471861473
10.952380952380953
11.212121212121211
14.89177489177489
14.372294372294371
18.744588744588743
15.93073593073593
10.735930735930735
15.15151515151515
13.852813852813851
14.675324675324674
10.735930735930735
13.896103896103895
15.67099567099567
10.822510822510823
10.822510822510823
13.896103896103895
13.549783549783548
12.77056277056277
15.454545454545453
10.735930735930735
14.155844155844155
6.96969696969697
11.688311688311689
11.774891774891776
18.917748917748916
16.70995670995671
10.909090909090908
14.1991341991342
15.15151515151515
10.952380952380953
15.194805194805195
15.454545454545453
14.329004329004327
10.735930735930735
15.367965367965366
13.246753246753245
13.333333333333334
13.852813852813851
11.298701298701298
14.112554112554111
12.597402597402596
14.242424242424242
15.800865800865799
10.952380952380953
10.735930735930735
11.168831168831167
15.021645021645021
13.549783549783548
15.41125541125541
10.735930735930735
10.735930735930735
11.168831168831167
14.155844155844155
16.363636363636363
12.251082251082252
13.982683982683984
13.29004329004329
10.735930735930735
13.766233766233766
13.29004329004329
11.558441558441558
14.069264069264067
10.909090909090908
13.246753246753245
13.809523809523808
10.735930735930735
11.298701298701298
12.683982683982684
10.735930735930735
14.415584415584416
17.66233766233766
13.636363636363635
10.735930735930735
10.735930735930735
12.294372294372293
13.896103896103895
13.419913419913419
12.597402597402596
10.735930735930735
11.471861471861473
10.779220779220779
11.082251082251082
12.727272727272728
10.735930735930735
12.597402597402596
11.212121212121211
13.636363636363635
10.735930735930735
10.909090909090908
10.735930735930735
13.593073593073592
10.735930735930735
10.735930735930735
10.735930735930735
13.809523809523808
11.212121212121211
13.982683982683984
10.735930735930735
12.554112554112553
14.761904761904763
11.818181818181817
10.735930735930735
13.93939393939394
10.779220779220779
10.735930735930735
10.735930735930735
14.112554112554111
17.792207792207794
13.16017316017316
14.329004329004327
10.735930735930735
12.467532467532466
10.865800865800866
13.203463203463203
10.735930735930735
10.735930735930735
10.735930735930735
15.064935064935066
10.735930735930735
0.0
10.735930735930735
14.242424242424242
11.948051948051948
13.246753246753245
11.948051948051948
13.593073593073592
10.735930735930735
14.285714285714286
11.082251082251082
13.67965367965368
17.316017316017312
14.242424242424242
10.735930735930735
10.735930735930735
10.735930735930735
10.735930735930735
12.294372294372293
14.372294372294371
10.735930735930735
13.93939393939394
10.952380952380953
13.116883116883116
14.112554112554111
14.458874458874458
10.735930735930735
14.285714285714286
10.735930735930735
13.93939393939394
13.852813852813851
16.32034632034632
13.463203463203463
14.242424242424242
11.082251082251082
13.246753246753245
12.987012987012987
15.454545454545453
14.112554112554111
0.909090909090909
10.735930735930735
10.779220779220779
10.995670995670997
12.900432900432902
12.294372294372293
10.735930735930735
10.735930735930735
13.246753246753245
12.987012987012987
10.735930735930735
10.865800865800866
11.082251082251082
10.735930735930735
13.333333333333334
10.735930735930735
10.735930735930735
10.735930735930735
13.93939393939394
10.735930735930735
13.549783549783548
10.865800865800866
12.900432900432902
11.428571428571429
10.952380952380953
12.77056277056277
10.735930735930735
10.735930735930735
14.155844155844155
13.116883116883116
16.45021645021645
10.692640692640692
10.735930735930735
10.735930735930735
10.909090909090908
10.735930735930735
13.419913419913419
17.965367965367964
10.735930735930735
15.497835497835498
10.735930735930735
10.735930735930735
7.272727272727272
15.454545454545453
10.735930735930735
13.506493506493507
10.692640692640692
10.735930735930735
6.0606060606060606
13.636363636363635
14.069264069264067
14.632034632034632
15.584415584415586
10.735930735930735
13.16017316017316
14.502164502164502
10.909090909090908
15.367965367965366
10.735930735930735
10.735930735930735
14.285714285714286
14.329004329004327
15.497835497835498
10.779220779220779
12.597402597402596
14.112554112554111
16.796536796536795
10.735930735930735
11.99134199134199
10.735930735930735
13.116883116883116
13.16017316017316
10.735930735930735
10.822510822510823
13.506493506493507
11.515151515151514
10.865800865800866
14.069264069264067
10.735930735930735
14.848484848484848
10.735930735930735
14.675324675324674
10.779220779220779
10.735930735930735
12.900432900432902
15.41125541125541
10.909090909090908
10.735930735930735
19.004329004329005
13.636363636363635
10.735930735930735
10.735930735930735
12.121212121212121
13.636363636363635
11.515151515151514
13.766233766233766
13.593073593073592
10.865800865800866
14.58874458874459
10.865800865800866
11.298701298701298
10.735930735930735
16.19047619047619
10.952380952380953
11.038961038961038
12.727272727272728
15.800865800865799
10.735930735930735
10.952380952380953
14.978354978354979
12.727272727272728
12.727272727272728
13.766233766233766
15.10822510822511
10.735930735930735
10.735930735930735
13.116883116883116
10.865800865800866
10.735930735930735
13.16017316017316
10.735930735930735
11.948051948051948
13.16017316017316
10.735930735930735
11.212121212121211
12.987012987012987
14.718614718614718
10.735930735930735
10.735930735930735
13.073593073593072
10.735930735930735
16.406926406926406
10.735930735930735
10.735930735930735
15.238095238095237
10.735930735930735
10.735930735930735
15.584415584415586
10.735930735930735
10.735930735930735
15.238095238095237
10.995670995670997
12.900432900432902
13.16017316017316
10.735930735930735
18.917748917748916
10.735930735930735
10.822510822510823
10.735930735930735
12.857142857142858
12.38095238095238
13.593073593073592
12.51082251082251
14.718614718614718
10.735930735930735
16.753246753246753
13.16017316017316
12.987012987012987
10.735930735930735
10.735930735930735
13.29004329004329
12.683982683982684
10.822510822510823
10.735930735930735
11.34199134199134
14.675324675324674
15.10822510822511
10.735930735930735
11.948051948051948
13.203463203463203
10.822510822510823
12.813852813852813
13.333333333333334
16.406926406926406
11.038961038961038
10.735930735930735
15.238095238095237
10.735930735930735
10.735930735930735
10.735930735930735
10.735930735930735
10.735930735930735
14.502164502164502
10.735930735930735
11.471861471861473
10.735930735930735
12.51082251082251
13.333333333333334
10.735930735930735
10.735930735930735
14.458874458874458
14.112554112554111
10.995670995670997
14.58874458874459
12.034632034632034
13.722943722943722
15.41125541125541
17.0995670995671
10.735930735930735
11.645021645021645
0.0
11.125541125541124
15.10822510822511
10.952380952380953
14.025974025974024
10.735930735930735
13.030303030303031
10.735930735930735
11.471861471861473
12.554112554112553
13.246753246753245
10.735930735930735
10.735930735930735
13.67965367965368
12.987012987012987
11.731601731601732
14.89177489177489
12.683982683982684
15.194805194805195
16.536796536796537
11.818181818181817
13.636363636363635
11.688311688311689
10.735930735930735
12.554112554112553
10.909090909090908
10.735930735930735
13.593073593073592
14.58874458874459
10.909090909090908
11.99134199134199
13.549783549783548
10.995670995670997
15.064935064935066
10.779220779220779
10.735930735930735
12.294372294372293
14.632034632034632
18.051948051948052
15.497835497835498
10.735930735930735
15.10822510822511
15.714285714285714
14.025974025974024
10.735930735930735
10.865800865800866
12.857142857142858
17.619047619047617
13.636363636363635
14.069264069264067
12.294372294372293
11.428571428571429
13.376623376623376
14.848484848484848
13.16017316017316
10.735930735930735
14.112554112554111
12.813852813852813
10.735930735930735
12.987012987012987
13.636363636363635
13.246753246753245
10.735930735930735
12.337662337662337
11.99134199134199
13.246753246753245
13.93939393939394
10.735930735930735
13.376623376623376
13.246753246753245
10.995670995670997
14.805194805194803
11.86147186147186
10.995670995670997
10.735930735930735
10.735930735930735
13.67965367965368
13.593073593073592
13.549783549783548
11.255411255411255
10.735930735930735
10.735930735930735
10.735930735930735
12.38095238095238
11.515151515151514
10.952380952380953
14.458874458874458
10.735930735930735
14.58874458874459
10.909090909090908
11.904761904761905
10.735930735930735
12.034632034632034
10.822510822510823
10.735930735930735
10.735930735930735
10.735930735930735
10.735930735930735
10.735930735930735
10.735930735930735
10.735930735930735
15.15151515151515
15.627705627705627
12.857142857142858
10.735930735930735
13.333333333333334
15.584415584415586
12.900432900432902
12.900432900432902
14.112554112554111
12.597402597402596
12.727272727272728
10.735930735930735
13.203463203463203
14.675324675324674
20.0
11.86147186147186
20.0
20.0
11.471861471861473
11.212121212121211
12.683982683982684
12.813852813852813
17.835497835497836
10.952380952380953
13.463203463203463
10.735930735930735
13.549783549783548
16.1038961038961
13.030303030303031
11.125541125541124
14.112554112554111
14.025974025974024
13.16017316017316
10.735930735930735
18.26839826839827
13.030303030303031
18.26839826839827
10.822510822510823
13.809523809523808
14.285714285714286
13.29004329004329
11.125541125541124
10.735930735930735
13.93939393939394
11.818181818181817
10.735930735930735
15.064935064935066
11.558441558441558
10.735930735930735
13.549783549783548
15.41125541125541
13.896103896103895
10.735930735930735
12.554112554112553
11.212121212121211
15.194805194805195
10.735930735930735
10.735930735930735
10.735930735930735
12.943722943722944
12.813852813852813
13.722943722943722
12.38095238095238
11.125541125541124
13.073593073593072
12.900432900432902
11.428571428571429
10.735930735930735
11.688311688311689
10.995670995670997
10.735930735930735
10.735930735930735
10.735930735930735
10.735930735930735
14.1991341991342
17.965367965367964
16.32034632034632
12.38095238095238
12.943722943722944
10.735930735930735
13.722943722943722
17.532467532467532
10.735930735930735
12.294372294372293
12.337662337662337
12.121212121212121
12.51082251082251
10.822510822510823
10.735930735930735
16.1038961038961
11.818181818181817
10.822510822510823
13.419913419913419
10.735930735930735
12.554112554112553
13.67965367965368
14.632034632034632
12.857142857142858
10.735930735930735
10.735930735930735
16.1038961038961
14.632034632034632
15.064935064935066
13.376623376623376
10.735930735930735
10.735930735930735
13.852813852813851
12.727272727272728
10.735930735930735
10.735930735930735
14.372294372294371
10.735930735930735
16.363636363636363
13.766233766233766
13.419913419913419
12.857142857142858
10.735930735930735
13.333333333333334
14.285714285714286
10.735930735930735
13.29004329004329
11.385281385281385
13.16017316017316
14.89177489177489
11.038961038961038
10.735930735930735
14.502164502164502
11.471861471861473
11.298701298701298
20.0
20.0
10.735930735930735
10.735930735930735
12.683982683982684
10.909090909090908
20.0
13.852813852813851
10.735930735930735
14.58874458874459
10.735930735930735
13.16017316017316
10.909090909090908
10.735930735930735
16.753246753246753
11.212121212121211
13.67965367965368
13.246753246753245
10.995670995670997
13.333333333333334
10.952380952380953
13.549783549783548
13.29004329004329
10.735930735930735
14.675324675324674
10.822510822510823
14.329004329004327
12.51082251082251
16.363636363636363
10.735930735930735
10.735930735930735
13.809523809523808
10.692640692640692
12.467532467532466
13.549783549783548
13.722943722943722
13.203463203463203
13.073593073593072
10.735930735930735
11.774891774891776
11.86147186147186
10.865800865800866
11.168831168831167
10.735930735930735
15.584415584415586
14.458874458874458
16.017316017316016
11.515151515151514
14.935064935064934
10.779220779220779
10.735930735930735
10.692640692640692
11.731601731601732
13.16017316017316
11.904761904761905
11.082251082251082
10.735930735930735
12.251082251082252
14.718614718614718
12.251082251082252
10.735930735930735
13.852813852813851
12.813852813852813
10.779220779220779
10.735930735930735
16.926406926406926
10.952380952380953
12.64069264069264
10.779220779220779
14.761904761904763
18.874458874458874
14.805194805194803
10.692640692640692
14.329004329004327
13.636363636363635
16.363636363636363
10.735930735930735
10.735930735930735
12.683982683982684
14.58874458874459
13.636363636363635
14.761904761904763
16.27705627705628
14.329004329004327
14.285714285714286
10.735930735930735
14.761904761904763
14.848484848484848
13.030303030303031
10.735930735930735
11.255411255411255
10.735930735930735
14.761904761904763
18.00865800865801
11.125541125541124
10.735930735930735
16.060606060606062
15.67099567099567
15.021645021645021
14.069264069264067
15.41125541125541
14.848484848484848
14.155844155844155
10.735930735930735
13.766233766233766
11.082251082251082
10.865800865800866
14.848484848484848
12.64069264069264
10.865800865800866
18.83116883116883
14.025974025974024
10.735930735930735
10.735930735930735
18.7012987012987
10.735930735930735
13.766233766233766
10.822510822510823
12.900432900432902
10.909090909090908
13.073593073593072
13.809523809523808
10.735930735930735
10.779220779220779
12.857142857142858
14.458874458874458
11.082251082251082
13.16017316017316
10.735930735930735
10.822510822510823
12.077922077922079
11.082251082251082
10.865800865800866
10.735930735930735
10.735930735930735
12.424242424242424
11.688311688311689
10.735930735930735
12.943722943722944
10.735930735930735
10.735930735930735
13.116883116883116
12.64069264069264
11.038961038961038
10.779220779220779
14.1991341991342
10.865800865800866
14.025974025974024
13.852813852813851
12.597402597402596
11.082251082251082
10.735930735930735
14.675324675324674
10.909090909090908
12.51082251082251
13.333333333333334
11.125541125541124
14.069264069264067
16.96969696969697
13.809523809523808
13.636363636363635
10.779220779220779
11.125541125541124
13.93939393939394
11.34199134199134
13.333333333333334
12.38095238095238
12.77056277056277
10.995670995670997
13.722943722943722
10.692640692640692
10.735930735930735
10.735930735930735
15.887445887445885
13.030303030303031
14.848484848484848
14.632034632034632
14.372294372294371
15.281385281385278
12.467532467532466
13.506493506493507
11.86147186147186
10.735930735930735
10.865800865800866
16.19047619047619
10.822510822510823
13.030303030303031
10.735930735930735
10.735930735930735
15.714285714285714
11.601731601731602
12.294372294372293
10.822510822510823
17.35930735930736
13.982683982683984
17.66233766233766
14.155844155844155
17.48917748917749
16.017316017316016
14.545454545454543
10.735930735930735
12.900432900432902
10.995670995670997
13.809523809523808
10.865800865800866
10.735930735930735
13.593073593073592
15.497835497835498
14.025974025974024
10.735930735930735
12.77056277056277
12.164502164502164
10.909090909090908
13.030303030303031
12.597402597402596
13.16017316017316
9.783549783549782
13.16017316017316
17.0995670995671
12.683982683982684
15.10822510822511
10.735930735930735
10.735930735930735
10.735930735930735
12.51082251082251
10.735930735930735
2.380952380952381
12.034632034632034
11.125541125541124
10.735930735930735
13.030303030303031
10.735930735930735
12.294372294372293
10.735930735930735
13.246753246753245
13.463203463203463
13.722943722943722
10.735930735930735
10.735930735930735
16.27705627705628
11.948051948051948
13.073593073593072
10.779220779220779
18.311688311688307
11.34199134199134
13.463203463203463
10.735930735930735
10.735930735930735
12.597402597402596
13.722943722943722
16.58008658008658
10.735930735930735
10.735930735930735
10.735930735930735
11.99134199134199
10.735930735930735
14.458874458874458
12.034632034632034
13.333333333333334
13.203463203463203
12.77056277056277
10.735930735930735
12.554112554112553
10.909090909090908
13.852813852813851
10.735930735930735
14.805194805194803
13.116883116883116
10.735930735930735
13.463203463203463
10.735930735930735
11.038961038961038
10.735930735930735
15.194805194805195
14.89177489177489
10.735930735930735
10.865800865800866
10.995670995670997
15.238095238095237
11.904761904761905
10.779220779220779
10.735930735930735
11.038961038961038
12.424242424242424
10.735930735930735
10.735930735930735
13.809523809523808
10.735930735930735
13.29004329004329
14.025974025974024
10.779220779220779
14.069264069264067
15.67099567099567
10.865800865800866
15.238095238095237
10.909090909090908
17.0995670995671
16.363636363636363
14.502164502164502
18.744588744588743
0.0
13.333333333333334
10.735930735930735
15.41125541125541
15.627705627705627
13.67965367965368
19.43722943722944
15.021645021645021
13.549783549783548
10.735930735930735
12.813852813852813
15.021645021645021
10.735930735930735
13.116883116883116
10.735930735930735
10.735930735930735
16.83982683982684
18.917748917748916
10.735930735930735
12.77056277056277
13.593073593073592
11.86147186147186
12.987012987012987
10.735930735930735
16.1038961038961
14.025974025974024
10.735930735930735
10.735930735930735
13.463203463203463
20.0
13.766233766233766
14.415584415584416
12.554112554112553
15.324675324675322
13.203463203463203
14.155844155844155
14.112554112554111
12.467532467532466
12.554112554112553
10.735930735930735
10.735930735930735
14.285714285714286
13.593073593073592
13.506493506493507
14.675324675324674
12.467532467532466
14.718614718614718
12.987012987012987
13.333333333333334
10.865800865800866
20.0
13.549783549783548
11.125541125541124
12.64069264069264
13.766233766233766
13.506493506493507
10.735930735930735
13.593073593073592
13.203463203463203
15.238095238095237
13.982683982683984
11.168831168831167
12.424242424242424
10.735930735930735
13.030303030303031
12.900432900432902
12.207792207792208
10.865800865800866
14.242424242424242
10.735930735930735
10.822510822510823
14.89177489177489
18.614718614718612
15.064935064935066
10.822510822510823
13.16017316017316
14.848484848484848
10.735930735930735
14.285714285714286
15.844155844155845
10.735930735930735
10.692640692640692
10.865800865800866
10.865800865800866
11.038961038961038
10.735930735930735
11.428571428571429
11.168831168831167
12.467532467532466
12.38095238095238
15.238095238095237
14.632034632034632
10.735930735930735
11.168831168831167
10.735930735930735
10.735930735930735
10.735930735930735
14.329004329004327
13.549783549783548
13.463203463203463
10.735930735930735
10.779220779220779
13.549783549783548
10.865800865800866
11.86147186147186
16.83982683982684
11.082251082251082
13.93939393939394
10.952380952380953
12.164502164502164
10.952380952380953
10.735930735930735
10.735930735930735
13.852813852813851
10.865800865800866
15.541125541125542
10.735930735930735
11.212121212121211
11.168831168831167
12.64069264069264
12.683982683982684
10.735930735930735
10.735930735930735
15.41125541125541
13.766233766233766
10.735930735930735
3.9393939393939394
13.203463203463203
10.995670995670997
10.735930735930735
14.415584415584416
11.774891774891776
13.203463203463203
11.212121212121211
13.376623376623376
11.904761904761905
10.735930735930735
13.073593073593072
10.779220779220779
13.593073593073592
13.722943722943722
13.852813852813851
10.735930735930735
13.16017316017316
12.77056277056277
14.415584415584416
14.848484848484848
13.246753246753245
10.735930735930735
15.064935064935066
14.718614718614718
14.978354978354979
10.735930735930735
13.67965367965368
12.251082251082252
13.766233766233766
12.424242424242424
13.376623376623376
14.112554112554111
11.255411255411255
11.255411255411255
12.467532467532466
10.952380952380953
11.601731601731602
10.735930735930735
11.082251082251082
10.735930735930735
16.753246753246753
11.645021645021645
10.735930735930735
15.93073593073593
11.471861471861473
11.038961038961038
15.324675324675322
11.255411255411255
13.852813852813851
11.818181818181817
14.372294372294371
11.428571428571429
10.735930735930735
10.735930735930735
15.238095238095237
10.735930735930735
10.735930735930735
15.67099567099567
12.077922077922079
11.601731601731602
11.082251082251082
10.735930735930735
17.92207792207792
10.735930735930735
10.822510822510823
16.147186147186147
14.458874458874458
10.735930735930735
14.761904761904763
10.735930735930735
12.727272727272728
13.549783549783548
13.419913419913419
10.735930735930735
10.735930735930735
10.735930735930735
19.826839826839823
19.047619047619047
14.761904761904763
13.203463203463203
14.1991341991342
12.554112554112553
10.735930735930735
10.952380952380953
10.735930735930735
10.735930735930735
10.735930735930735
15.238095238095237
10.735930735930735
13.463203463203463
11.34199134199134
11.038961038961038
14.155844155844155
16.19047619047619
10.735930735930735
12.597402597402596
12.164502164502164
15.41125541125541
13.766233766233766
13.593073593073592
10.735930735930735
14.718614718614718
14.242424242424242
10.735930735930735
11.038961038961038
13.766233766233766
20.0
15.584415584415586
14.069264069264067
12.900432900432902
13.376623376623376
10.779220779220779
13.463203463203463
15.800865800865799
10.779220779220779
11.038961038961038
13.246753246753245
16.060606060606062
14.675324675324674
12.813852813852813
12.554112554112553
10.735930735930735
10.865800865800866
12.121212121212121
10.822510822510823
12.77056277056277
12.121212121212121
13.376623376623376
14.285714285714286
12.727272727272728
13.073593073593072
12.51082251082251
14.1991341991342
10.779220779220779
10.735930735930735
10.735930735930735
11.99134199134199
10.735930735930735
10.735930735930735
12.857142857142858
13.203463203463203
13.982683982683984
10.995670995670997
12.683982683982684
11.125541125541124
12.857142857142858
12.424242424242424
14.112554112554111
14.242424242424242
12.943722943722944
12.034632034632034
11.471861471861473
13.506493506493507
12.207792207792208
15.454545454545453
10.735930735930735
12.424242424242424
13.073593073593072
15.238095238095237
13.203463203463203
11.601731601731602
10.909090909090908
